編號,土地位置,土地移轉面積平方公尺,使用分區或編定,權利人持分分母,權利人持分分子,移轉情形,地號
The serial number, land position,land shifting area square meter,the use zoning or compiles and checks,,,,land parcel
RPOOMLOKKHIGFJB87CB,坪林段,28.67,非都市：鄉村區 ; 非都市編定：乙種建築用地,100000,2237,持分移轉,07390000
RPPOMLOKKHIGFJB97CB,坪林段,28.67,非都市：鄉村區 ; 非都市編定：乙種建築用地,100000,2237,持分移轉,07390000
RPRNMLOKKHIGFEB57CB,賢仁段,25.08,都市：住,100000,1828,持分移轉,00390000
RPSNMLOKKHIGFEB67CB,賢仁段,24.95,都市：住,100000,1818,持分移轉,00390000
RPPNMLOKKHIGFEB37CB,松雅段,19.37,非都市：鄉村區 ; 非都市編定：乙種建築用地,10000,397,持分移轉,00100006
RPTNMLOKKHIGFEB77CB,福東段,27.13,非都市：鄉村區 ; 非都市編定：乙種建築用地,18,1,持分移轉,01280000
RPPNMLOKKHIGFBB07CB,文北段,26.60,都市：住,100000,397,持分移轉,01170000
RPUNMLOKKHIGFJB38CB,育賢段,19.14,都市：住,10000,18,持分移轉,01810001
RPXNMLOKKHIGFJB68CB,坪林段,28.67,非都市：鄉村區 ; 非都市編定：乙種建築用地,100000,2237,持分移轉,07390000
RPVNMLOKKHIGFJB48CB,樹孝段,29.98,都市：住,100000,1656,持分移轉,04720000
RPPNMLPKKHIGFBB17CB,溝背段,31.10,都市：住,10000,86,持分移轉,01050000
RPRNMLOKKHIGFGB77CB,和興段,90.33,都市：住,1,1,全筆移轉,02560027
RPPNMLPKKHIGFGB67CB,和興段,95.43,都市：住,1,1,全筆移轉,02560028
RPRNMLPKKHIGFBB37CB,溝背段,24.59,都市：住,10000,68,持分移轉,01050000
RPQNMLPKKHIGFBB27CB,溝背段,31.10,都市：住,10000,86,持分移轉,01050000
RPSNMLPKKHIGFBB47CB,溝背段,24.95,都市：住,10000,69,持分移轉,01050000
RPPNMLPKKHIGFDB37CB,豐中段,13.24,都市：商,100000,2000,持分移轉,04130000
RPPNMLPKKHIGFDB37CB,豐中段,1.36,都市：住,100000,2000,持分移轉,04140000
RPWNMLQKKHIGFDB18CB,舊圳段,17.31,非都市：特定農業區 ; 非都市編定：甲種建築用地,100000,4586,持分移轉,00640000
RPTNMLQKKHIGFBB67CB,碧柳段,11.59,都市：商,100000,121,持分移轉,00020000
RPRNMLQKKHIGFFB87CB,市鎮南段,11.66,都市：商,100000,52,持分移轉,00970000
RPSNMLQKKHIGFFB97CB,市鎮南段,11.66,都市：商,100000,52,持分移轉,00970000
RPUNMLPKKHIGFKB58CB,龍社段,44.97,都市：住,1,1,全筆移轉,12970003
RPUNMLPKKHIGFKB58CB,龍社段,24.41,都市：住,3009400,244100,持分移轉,13060000
RPQNMLQKKHIGFEB67CB,松雅段,16.35,非都市：鄉村區 ; 非都市編定：乙種建築用地,10000,335,持分移轉,00100006
RPTNMLQKKHIGFFB08CB,市鎮南段,6.50,都市：商,100000,29,持分移轉,00970000
RPTNMLRKKHIGFCB87CB,寶文段,22.81,都市：住,100000,487,持分移轉,00350002
RPUNMLQKKHIGFFB18CB,市鎮南段,13.00,都市：商,100000,58,持分移轉,00970000
RPWNMLQKKHIGFFB38CB,鹿峰西段,26.95,都市：住,1000000,56977,持分移轉,05390000
RPWNMLQKKHIGFFB38CB,鹿峰西段,2.21,都市：住,1000000,56977,持分移轉,05400001
RPWNMLQKKHIGFFB38CB,鹿峰西段,.44,都市：住,64,1,持分移轉,04170000
RPWNMLQKKHIGFFB38CB,鹿峰西段,.22,都市：其他:人行步道,64,1,持分移轉,04710001
RPSNMLRKKHIGFIB38CB,九如段,28.86,都市：住,100000,2026,持分移轉,04430000
RPTNMLRKKHIGFIB48CB,九如段,22.39,都市：住,100000,1572,持分移轉,04430000
RPRNMLSKKHIGFDB87CB,中和東段,17.76,都市：住,100000,809,持分移轉,12000000
RPUNMLRKKHIGFIB58CB,九如段,22.39,都市：住,100000,1572,持分移轉,04430000
RPPNMLSKKHIGFDB67CB,中和東段,21.73,都市：住,100000,990,持分移轉,12000000
RPQNMLKLKHIGFJB67CB,宜欣段,29.00,都市：住,1000000,19268,持分移轉,03610000
RPSNMLKLKHIGFJB87CB,宜欣段,16.09,都市：住,1000000,10688,持分移轉,03610000
RPRNMLKLKHIGFJB77CB,宜欣段,16.09,都市：住,1000000,10688,持分移轉,03610000
RPPNMLKLKHIGFCB96DB,永新段,65.34,都市：其他:第一之一種住宅區,1,1,全筆移轉,01210018
RPPNMLKLKHIGFCB96DB,永新段,36.93,都市：其他:第一之一種住宅區,100000,5683,持分移轉,01210004
RPPNMLKLKHIGFCB96DB,永新段,.09,都市：其他:第一之一種住宅區,100000,5683,持分移轉,01210033
RPVNMLKLKHIGFCB47CB,中正段,.19,都市：商,100000,207,持分移轉,02350000
RPVNMLKLKHIGFCB47CB,中正段,9.93,都市：商,100000,207,持分移轉,02280000
RPPNMLKLKHIGFIB47CB,五張犁西段,89.04,都市：農,1,1,全筆移轉,09800076
RPPNMLKLKHIGFIB47CB,五張犁西段,1.16,都市：農,100000,1235,持分移轉,09800101
RPPNMLKLKHIGFIB47CB,五張犁西段,25.12,都市：農,100000,1697,持分移轉,09800106
RPPNMLKLKHIGFIB47CB,五張犁西段,3.17,都市：農,100000,1235,持分移轉,09800108
RPPNMLKLKHIGFFB17CB,市鎮南段,2.89,都市：商,100000,124,持分移轉,01200000
RPPNMLKLKHIGFFB17CB,市鎮南段,5.48,都市：商,100000,124,持分移轉,01210000
RPPNMLKLKHIGFFB17CB,市鎮南段,4.36,都市：商,100000,124,持分移轉,01220000
RPTNMLKLKHIGFBB17CB,水源段,1.39,都市：住,10000,138,持分移轉,03130000
RPTNMLKLKHIGFBB17CB,水源段,.92,都市：住,10000,138,持分移轉,03130003
RPTNMLKLKHIGFBB17CB,水源段,.79,都市：住,10000,138,持分移轉,03130004
RPTNMLKLKHIGFBB17CB,水源段,.57,都市：住,10000,138,持分移轉,03130005
RPTNMLKLKHIGFBB17CB,水源段,.21,都市：住,10000,138,持分移轉,03140004
RPTNMLKLKHIGFBB17CB,水源段,.81,都市：住,10000,138,持分移轉,03120005
RPTNMLKLKHIGFBB17CB,水源段,1.01,都市：住,10000,138,持分移轉,03120007
RPTNMLKLKHIGFBB17CB,水源段,.91,都市：住,10000,138,持分移轉,03120008
RPTNMLKLKHIGFBB17CB,水源段,.65,都市：住,10000,138,持分移轉,03120009
RPTNMLKLKHIGFBB17CB,水源段,.15,都市：住,10000,138,持分移轉,03110009
RPTNMLKLKHIGFBB17CB,水源段,2.06,都市：住,10000,138,持分移轉,03080000
RPQNMLKLKHIGFBB86CB,文北段,13.83,都市：住,100000,317,持分移轉,00130000
RPPNMLKLKHIGFHB37CB,自強段,2.33,非都市：特定農業區 ; 非都市編定：甲種建築用地,100000,1641,持分移轉,00310000
RPPNMLKLKHIGFHB37CB,自強段,17.48,非都市：特定農業區 ; 非都市編定：甲種建築用地,100000,1641,持分移轉,00320000
RPPNMLKLKHIGFHB37CB,自強段,2.98,非都市：特定農業區 ; 非都市編定：農牧用地,52,1,持分移轉,00400000
RPUNMLLLKHIGFFB77CB,庄北段,24.34,都市：住,10000,151,持分移轉,10720000
RPTNMLLLKHIGFKB18CB,龍社段,44.38,都市：住,1,1,全筆移轉,13360000
RPTNMLLLKHIGFKB18CB,龍社段,25.64,都市：住,2091100,256400,持分移轉,13310000
RPSNMLLLKHIGFKB08CB,龍社段,44.78,都市：住,1,1,全筆移轉,13350000
RPSNMLLLKHIGFKB08CB,龍社段,25.64,都市：住,2091100,256400,持分移轉,13310000
RPUNMLLLKHIGFKB28CB,龍社段,48.35,都市：住,1,1,全筆移轉,13370000
RPUNMLLLKHIGFKB28CB,龍社段,25.64,都市：住,2091100,256400,持分移轉,13310000
RPSNMLLLKHIGFIB87CB,北新段,11.44,都市：住,10000,18,持分移轉,10540000
RPWNMLLLKHIGFKB48CB,中社段,30.06,都市：住,542499,3006,持分移轉,07000000
RPUNMLLLKHIGFIB08CB,北新段,12.71,都市：住,10000,20,持分移轉,10540000
RPPNMLLLKHIGFJB67CB,育賢段,18.18,都市：住,10000,31,持分移轉,02100001
RPPNMLMLKHIGFJB77CB,育賢段,26.58,都市：住,10000,25,持分移轉,01810001
RPPNMLMLKHIGFBB07DB,青萍段,33.55,都市：住,100000,2656,持分移轉,06040000
RPWNMLMLKHIGFFB18DB,鹿寮段,22.27,都市：住,100000,827,持分移轉,08640000
RPXNMLMLKHIGFFB28DB,鹿寮段,23.54,都市：住,100000,874,持分移轉,08640000
RPOOMLMLKHIGFFB47DB,鹿寮段,22.24,都市：住,100000,826,持分移轉,08640000
RPPNMLMLKHIGFIB67CB,溪南西段,23.11,非都市：鄉村區 ; 非都市編定：乙種建築用地,100000,1320,持分移轉,09810000
RPWNMLMLKHIGFCB77CB,惠泰段,20.09,都市：住,100000,2938,持分移轉,00830000
RPPNMLMLKHIGFCB07CB,西屯段,25.62,都市：住,10000,102,持分移轉,22590000
RPUNMLMLKHIGFCB57CB,永春段,23.20,都市：住,100000,816,持分移轉,01050000
RPUNMLMLKHIGFCB57CB,永春段,1.38,都市：住,100000,46,持分移轉,01060004
RPXNMLMLKHIGFCB87CB,惠泰段,18.79,都市：住,100000,2747,持分移轉,00830000
RPPNMLMLKHIGFKB87CB,龍崗段,37.18,都市：住,100000,1659,持分移轉,00800000
RPSNMLMLKHIGFKB18CB,龍目井段龍目井小段,23.58,都市：住,100000,2098,持分移轉,00890000
RPSNMLMLKHIGFKB18CB,龍目井段龍目井小段,9.10,都市：住,50,1,持分移轉,00890006
RPVNMLMLKHIGFFB97CB,民族段,60.00,都市：農,1,1,全筆移轉,01200049
RPVNMLMLKHIGFFB97CB,民族段,17.21,都市：農,24,1,持分移轉,01200067
RPRNMLMLKHIGFKB08CB,龍目井段龍目井小段,22.06,都市：住,100000,1963,持分移轉,00890000
RPVNMLMLKHIGFFB97CB,民族段,3.92,都市：農,24,1,持分移轉,01200069
RPVNMLMLKHIGFFB97CB,民族段,7.00,都市：農,1,1,全筆移轉,01200050
RPRNMLMLKHIGFKB08CB,龍目井段龍目井小段,9.10,都市：住,50,1,持分移轉,00890006
RPWNMLMLKHIGFFB08CB,市鎮南段,6.73,都市：商,100000,30,持分移轉,00970000
RPQNMLMLKHIGFKB97CB,龍崗段,37.74,都市：住,100000,1684,持分移轉,00800000
RPXNMLMLKHIGFFB18CB,市鎮南段,6.50,都市：商,100000,29,持分移轉,00970000
RPROMLMLKHIGFFB67CB,市鎮南段,9.42,都市：商,100000,42,持分移轉,00970000
RPPOMLMLKHIGFFB47CB,市鎮南段,6.50,都市：商,100000,29,持分移轉,00970000
RPQOMLMLKHIGFFB57CB,市鎮南段,6.73,都市：商,100000,30,持分移轉,00970000
RPSOMLMLKHIGFFB77CB,市鎮南段,6.50,都市：商,100000,29,持分移轉,00970000
RPPNMLMLKHIGFBB96CB,鑫新平段,46.10,都市：住,100000,1834,持分移轉,03280000
RPUOMLMLKHIGFFB97CB,市鎮南段,6.73,都市：商,100000,30,持分移轉,00970000
RPTOMLMLKHIGFFB87CB,市鎮南段,9.42,都市：商,100000,42,持分移轉,00970000
RPPNMLNLKHIGFBB07CB,平田段,24.51,都市：住,100000,1023,持分移轉,09580000
RPPNMLNLKHIGFBB07CB,仁平段,1.75,都市：住,100000,1023,持分移轉,03800000
RPSNMLNLKHIGFBB37CB,賴厝廍段,3.84,都市：住,100000,214,持分移轉,00860004
RPSNMLNLKHIGFBB37CB,賴厝廍段,2.06,都市：住,100000,214,持分移轉,00860085
RPTNMLNLKHIGFBB47CB,賴厝廍段,3.66,都市：住,100000,204,持分移轉,00860004
RPTNMLNLKHIGFBB47CB,賴厝廍段,1.96,都市：住,100000,204,持分移轉,00860085
RPPNMLNLKHIGFFB47CB,民族段,56.00,都市：農,1,1,全筆移轉,01200036
RPPNMLNLKHIGFFB47CB,民族段,17.21,都市：農,24,1,持分移轉,01200067
RPPNMLNLKHIGFFB47CB,民族段,3.92,都市：農,24,1,持分移轉,01200069
RPRNMLNLKHIGFBB27CB,賴厝廍段,6.90,都市：住,100000,385,持分移轉,00860004
RPRNMLNLKHIGFBB27CB,賴厝廍段,3.70,都市：住,100000,385,持分移轉,00860085
RPRNMLNLKHIGFFB67CB,紅竹段,43.85,都市：住,1,1,全筆移轉,03030029
RPRNMLNLKHIGFFB67CB,紅竹段,17.77,都市：住,48,1,持分移轉,03030002
RPRNMLNLKHIGFFB67CB,紅竹段,.01,都市：住,100000,1,持分移轉,03030001
RPTNMLNLKHIGFFB87CB,市鎮南段,4.34,都市：商,100000,186,持分移轉,01200000
RPTNMLNLKHIGFFB87CB,市鎮南段,8.23,都市：商,100000,186,持分移轉,01210000
RPTNMLNLKHIGFFB87CB,市鎮南段,6.54,都市：商,100000,186,持分移轉,01220000
RPUNMLNLKHIGFFB97CB,市鎮南段,2.96,都市：商,100000,127,持分移轉,01200000
RPUNMLNLKHIGFFB97CB,市鎮南段,5.62,都市：商,100000,127,持分移轉,01210000
RPUNMLNLKHIGFFB97CB,市鎮南段,4.47,都市：商,100000,127,持分移轉,01220000
RPRNMLNLKHIGFAB17CB,半平厝段,21.61,都市：住,100000,2955,持分移轉,21300000
RPSNMLNLKHIGFAB27CB,頂橋子頭段,13.91,都市：住,10000,33,持分移轉,03750004
RPSNMLNLKHIGFAB27CB,頂橋子頭段,2.28,都市：住,10000,33,持分移轉,03750012
RPSNMLNLKHIGFAB27CB,頂橋子頭段,1.29,都市：住,10000,33,持分移轉,03820000
RPTNMLNLKHIGFAB37CB,頂橋子頭段,15.17,都市：住,10000,36,持分移轉,03750004
RPTNMLNLKHIGFAB37CB,頂橋子頭段,2.48,都市：住,10000,36,持分移轉,03750012
RPTNMLNLKHIGFAB37CB,頂橋子頭段,1.40,都市：住,10000,36,持分移轉,03820000
RPVNMLNLKHIGFAB57CB,泉源段,6.83,都市：商,100000,58,持分移轉,00150000
RPWNMLNLKHIGFAB67CB,大益段,35.28,都市：住,10000,651,持分移轉,03300000
RPRNMLNLKHIGFCB37CB,何厝段,9.53,都市：商,100000,173,持分移轉,00870000
RPPNMLNLKHIGFCB17CB,惠國段,15.52,都市：其他:第六種新市政中心專用區,100000,854,持分移轉,01010000
RPSNMLNLKHIGFCB47CB,惠來厝段,1.71,都市：住,100000,261,持分移轉,03050000
RPSNMLNLKHIGFCB47CB,惠來厝段,5.79,都市：住,100000,261,持分移轉,03110000
RPSNMLNLKHIGFCB47CB,惠來厝段,7.31,都市：住,100000,261,持分移轉,03140000
RPSNMLNLKHIGFCB47CB,惠來厝段,.31,都市：住,100000,261,持分移轉,03140003
RPQNMLNLKHIGFCB27CB,惠國段,17.12,都市：其他:第六種新市政中心專用區,100000,942,持分移轉,01010000
RPTNMLNLKHIGFCB57CB,惠來厝段,2.58,都市：住,100000,392,持分移轉,03050000
RPTNMLNLKHIGFCB57CB,惠來厝段,8.70,都市：住,100000,392,持分移轉,03110000
RPTNMLNLKHIGFCB57CB,惠來厝段,10.98,都市：住,100000,392,持分移轉,03140000
RPTNMLNLKHIGFCB57CB,惠來厝段,.47,都市：住,100000,392,持分移轉,03140003
RPPNMLNLKHIGFIB77CB,新高鐵段,9.99,都市：商,100000,71,持分移轉,00310000
RPQNMLNLKHIGFIB87CB,新高鐵段,13.93,都市：商,100000,99,持分移轉,00310000
RPVNMLNLKHIGFCB77CB,惠泰段,18.46,都市：住,100000,2699,持分移轉,00830000
RPRNMLNLKHIGFIB97CB,新高鐵段,9.99,都市：商,100000,71,持分移轉,00310000
RPUNMLNLKHIGFCB67CB,惠來厝段,2.96,都市：住,100000,451,持分移轉,03050000
RPUNMLNLKHIGFCB67CB,惠來厝段,10.01,都市：住,100000,451,持分移轉,03110000
RPUNMLNLKHIGFCB67CB,惠來厝段,12.63,都市：住,100000,451,持分移轉,03140000
RPUNMLNLKHIGFCB67CB,惠來厝段,.54,都市：住,100000,451,持分移轉,03140003
RPSNMLNLKHIGFIB08CB,新高鐵段,13.93,都市：商,100000,99,持分移轉,00310000
RPTNMLNLKHIGFIB18CB,新高鐵段,11.54,都市：商,100000,82,持分移轉,00310000
RPUNMLNLKHIGFIB28CB,新高鐵段,9.57,都市：商,100000,68,持分移轉,00310000
RPVNMLNLKHIGFIB38CB,新高鐵段,9.15,都市：商,100000,65,持分移轉,00310000
RPWNMLNLKHIGFIB48CB,新高鐵段,9.43,都市：商,100000,67,持分移轉,00310000
RPXNMLNLKHIGFIB58CB,新高鐵段,14.63,都市：商,100000,104,持分移轉,00310000
RPPNMLNLKHIGFDB27CB,后寶段,8.11,非都市：鄉村區 ; 非都市編定：乙種建築用地,100000,363,持分移轉,09070000
RPPNMLNLKHIGFDB27CB,后寶段,4.38,非都市：鄉村區 ; 非都市編定：乙種建築用地,100000,363,持分移轉,09080000
RPPNMLNLKHIGFDB27CB,后寶段,1.20,非都市：鄉村區 ; 非都市編定：乙種建築用地,100000,363,持分移轉,09090000
RPPNMLNLKHIGFDB27CB,后寶段,5.31,非都市：鄉村區 ; 非都市編定：乙種建築用地,100000,363,持分移轉,09100000
RPPNMLNLKHIGFDB27CB,后寶段,1.78,非都市：鄉村區 ; 非都市編定：乙種建築用地,100000,363,持分移轉,09110000
RPVNMLNLKHIGFJB48CB,育賢段,26.56,都市：住,100000,453,持分移轉,02100000
RPTNMLNLKHIGFJB28CB,育賢段,19.52,都市：住,100000,333,持分移轉,02100000
RPQNMLNLKHIGFDB37CB,后寶段,8.11,非都市：鄉村區 ; 非都市編定：乙種建築用地,100000,363,持分移轉,09070000
RPQNMLNLKHIGFDB37CB,后寶段,4.38,非都市：鄉村區 ; 非都市編定：乙種建築用地,100000,363,持分移轉,09080000
RPQNMLNLKHIGFDB37CB,后寶段,1.20,非都市：鄉村區 ; 非都市編定：乙種建築用地,100000,363,持分移轉,09090000
RPQNMLNLKHIGFDB37CB,后寶段,5.31,非都市：鄉村區 ; 非都市編定：乙種建築用地,100000,363,持分移轉,09100000
RPQNMLNLKHIGFDB37CB,后寶段,1.78,非都市：鄉村區 ; 非都市編定：乙種建築用地,100000,363,持分移轉,09110000
RPRNMLOLKHIGFDB57CB,四月段,23.69,非都市：特定農業區 ; 非都市編定：甲種建築用地,100000,934,持分移轉,00480000
RPSNMLOLKHIGFDB67CB,四月段,27.90,非都市：特定農業區 ; 非都市編定：甲種建築用地,100000,1100,持分移轉,00480000
RPTNMLOLKHIGFDB77CB,四月段,27.90,非都市：特定農業區 ; 非都市編定：甲種建築用地,100000,1100,持分移轉,00480000
RPPNMLOLKHIGFFB67DB,鹿寮段,28.71,都市：住,100000,1066,持分移轉,08640000
RPQNMLOLKHIGFFB77DB,鹿寮段,23.54,都市：住,100000,874,持分移轉,08640000
RPSNMLOLKHIGFFB97DB,鹿寮段,22.24,都市：住,100000,826,持分移轉,08640000
RPTNMLOLKHIGFFB08DB,鹿寮段,27.55,都市：住,100000,1023,持分移轉,08640000
RPVNMLOLKHIGFFB28DB,鹿寮段,23.54,都市：住,100000,874,持分移轉,08640000
RPUNMLOLKHIGFFB18DB,鹿寮段,23.54,都市：住,100000,874,持分移轉,08640000
RPRNMLOLKHIGFFB87DB,鹿寮段,19.77,都市：住,100000,734,持分移轉,08640000
RPXNMLOLKHIGFFB48DB,鹿寮段,27.55,都市：住,100000,1023,持分移轉,08640000
RPVNMLOLKHIGFDB97CB,四月段,23.67,非都市：特定農業區 ; 非都市編定：甲種建築用地,100000,933,持分移轉,00480000
RPWNMLOLKHIGFFB38DB,鹿寮段,23.54,都市：住,100000,874,持分移轉,08640000
RPOOMLOLKHIGFFB67DB,鹿寮段,23.54,都市：住,100000,874,持分移轉,08640000
RPPOMLOLKHIGFFB77DB,鹿寮段,22.24,都市：住,100000,826,持分移轉,08640000
RPUNMLOLKHIGFAB57CB,樹子腳段,10.35,都市：住,10000,41,持分移轉,00230000
RPPNMLOLKHIGFFB57CB,朝天段,41.92,都市：住,100000,13855,持分移轉,07350006
RPPNMLOLKHIGFFB57CB,朝天段,4.84,都市：住,100000,5723,持分移轉,07350000
RPQNMLOLKHIGFBB27CB,倡和段,11.18,都市：商,100000,552,持分移轉,01820000
RPPNMLPLKHIGFBB27CB,文正段,57.00,都市：住,1,1,全筆移轉,00840067
RPPNMLPLKHIGFBB27CB,文正段,18.31,都市：住,10000,2474,持分移轉,00840251
RPTNMLOLKHIGFAB47CB,樹子腳段,10.35,都市：住,10000,41,持分移轉,00230000
RPRNMLPLKHIGFFB87CB,市鎮北段,10.30,都市：商,10000,32,持分移轉,00130001
RPSNMLOLKHIGFFB87CB,市鎮南段,13.88,都市：商,10000,31,持分移轉,01490000
RPQNMLPLKHIGFFB77CB,市鎮北段,9.01,都市：商,10000,28,持分移轉,00130001
RPSNMLPLKHIGFFB97CB,市鎮北段,10.62,都市：商,10000,33,持分移轉,00130001
RPQNMLQLKHIGFFB87CB,沙工北段,19.55,都市：住,100000,475,持分移轉,15190000
RPTNMLQLKHIGFFB18CB,沙工北段,25.31,都市：住,100000,615,持分移轉,15190000
RPPNMLQLKHIGFHB97CB,三和段,.29,都市：住,10000,295,持分移轉,14520003
RPPNMLQLKHIGFHB97CB,三和段,.50,都市：住,10000,295,持分移轉,14520013
RPPNMLQLKHIGFHB97CB,三和段,.01,都市：住,10000,295,持分移轉,14520016
RPPNMLQLKHIGFAB27CB,下橋子頭段,6.29,都市：住,100000,376,持分移轉,02030000
RPPNMLQLKHIGFHB97CB,三和段,23.39,都市：住,10000,295,持分移轉,14580000
RPPNMLQLKHIGFAB27CB,下橋子頭段,6.17,都市：商,100000,376,持分移轉,01240053
RPRNMLQLKHIGFFB08DB,梧棲段,11.17,都市：商,10000,30,持分移轉,27810000
RPVNMLQLKHIGFFB48DB,梧棲段,11.17,都市：商,10000,30,持分移轉,27810000
RPSNMLQLKHIGFFB08CB,沙工北段,25.31,都市：住,100000,615,持分移轉,15190000
RPQNMLQLKHIGFHB08CB,三和段,.29,都市：住,10000,295,持分移轉,14520003
RPQNMLQLKHIGFHB08CB,三和段,.50,都市：住,10000,295,持分移轉,14520013
RPQNMLQLKHIGFHB08CB,三和段,.01,都市：住,10000,295,持分移轉,14520016
RPQNMLQLKHIGFHB08CB,三和段,23.39,都市：住,10000,295,持分移轉,14580000
RPTNMLQLKHIGFCB87CB,惠民段,9.41,都市：其他:第六種新市政中心專用區,100000,311,持分移轉,01150000
RPPNMLQLKHIGFIB08CB,健民段,20.63,非都市：鄉村區 ; 非都市編定：乙種建築用地,100000,324,持分移轉,07560000
RPUNMLQLKHIGFCB97CB,惠民段,9.41,都市：其他:第六種新市政中心專用區,100000,311,持分移轉,01150000
RPOOMLQLKHIGFCB47CB,惠民段,9.41,都市：其他:第六種新市政中心專用區,100000,311,持分移轉,01150000
RPPOMLQLKHIGFCB57CB,惠民段,9.41,都市：其他:第六種新市政中心專用區,100000,311,持分移轉,01150000
RPQOMLQLKHIGFCB67CB,惠民段,13.13,都市：其他:第六種新市政中心專用區,100000,434,持分移轉,01150000
RPTOMLQLKHIGFCB97CB,惠民段,9.41,都市：其他:第六種新市政中心專用區,100000,311,持分移轉,01150000
RPUOMLQLKHIGFCB08CB,惠民段,9.41,都市：其他:第六種新市政中心專用區,100000,311,持分移轉,01150000
RPSOMLQLKHIGFCB87CB,惠民段,9.41,都市：其他:第六種新市政中心專用區,100000,311,持分移轉,01150000
RPPNMLRLKHIGFCB57CB,田心段,11.68,都市：商,10000,42,持分移轉,05530000
RPRNMLRLKHIGFCB77CB,建功段,15.33,都市：住,100000,217,持分移轉,00310000
RPRNMLRLKHIGFCB77CB,建功段,.27,都市：住,100000,22,持分移轉,00310001
RPQNMLRLKHIGFDB77CB,神圳段,14.90,都市：住,100000,1047,持分移轉,06430000
RPPNMLRLKHIGFDB67CB,神圳段,23.27,都市：住,100000,1635,持分移轉,06430000
RPRNMLRLKHIGFDB87CB,神圳段,13.87,都市：住,100000,975,持分移轉,06430000
RPQNMLSLKHIGFJB48CB,育賢段,19.14,都市：住,10000,18,持分移轉,01810001
RPRNMLSLKHIGFJB58CB,育賢段,25.52,都市：住,10000,24,持分移轉,01810001
RPPNMLSLKHIGFJB38CB,育賢段,19.14,都市：住,10000,18,持分移轉,01810001
RPVNMLSLKHIGFCB28CB,惠順段,7.68,都市：商,100000,319,持分移轉,01190000
RPUNMLSLKHIGFCB18CB,惠順段,5.46,都市：商,100000,227,持分移轉,01190000
RPWNMLSLKHIGFCB38CB,惠順段,7.92,都市：商,100000,329,持分移轉,01190000
RPOOMLSLKHIGFCB67CB,惠順段,7.92,都市：商,100000,329,持分移轉,01190000
RPXNMLSLKHIGFCB48CB,惠順段,5.61,都市：商,100000,233,持分移轉,01190000
RPPOMLSLKHIGFCB77CB,惠順段,5.61,都市：商,100000,233,持分移轉,01190000
RPQOMLSLKHIGFCB87CB,惠順段,5.61,都市：商,100000,233,持分移轉,01190000
RPROMLSLKHIGFCB97CB,惠順段,5.46,都市：商,100000,227,持分移轉,01190000
RPSOMLSLKHIGFCB08CB,惠順段,5.46,都市：商,100000,227,持分移轉,01190000
RPSPMLSLKHIGFCB18CB,惠順段,7.92,都市：商,100000,329,持分移轉,01190000
RPXPMLSLKHIGFCB68CB,惠順段,5.61,都市：商,100000,233,持分移轉,01190000
RPQPMLSLKHIGFCB97CB,惠順段,7.68,都市：商,100000,319,持分移轉,01190000
RPRNMLSLKHIGFAB67CB,平民段三小段,18.94,都市：住,10000,220,持分移轉,00090000
RPRNMLSLKHIGFAB67CB,平民段三小段,1.76,都市：住,10000,220,持分移轉,00090024
RPRNMLSLKHIGFAB67CB,平民段三小段,.46,都市：住,10000,220,持分移轉,00090032
RPRNMLSLKHIGFAB67CB,平民段三小段,.31,都市：住,10000,220,持分移轉,00090033
RPQNMLSLKHIGFFB08CB,新站段,22.12,都市：住,10000,33,持分移轉,00660000
RPSNMLSLKHIGFAB77CB,平民段三小段,13.69,都市：住,10000,159,持分移轉,00090000
RPSNMLSLKHIGFAB77CB,平民段三小段,1.27,都市：住,10000,159,持分移轉,00090024
RPSNMLSLKHIGFAB77CB,平民段三小段,.33,都市：住,10000,159,持分移轉,00090032
RPSNMLSLKHIGFAB77CB,平民段三小段,.22,都市：住,10000,159,持分移轉,00090033
RPTNMLSLKHIGFFB38CB,新站段,17.43,都市：住,10000,26,持分移轉,00660000
RPPNMLLJLHIGFBB76CB,竹興段,90.70,都市：住,1,1,全筆移轉,00780030
RPPNMLLJLHIGFBB76CB,竹興段,7.84,都市：住,10000,162,持分移轉,00780047
RPPNMLLJLHIGFBB76CB,竹興段,2.62,都市：住,38,1,持分移轉,00780035
RPPNMLLJLHIGFEB07CB,賢仁段,25.08,都市：住,100000,1828,持分移轉,00390000
RPPNMLLJLHIGFKB67CB,竹泉段,53.00,都市：住,1,1,全筆移轉,02640005
RPPNMLLJLHIGFKB67CB,竹泉段,21.80,都市：住,20,1,持分移轉,02640024
RPSNMLSLKHIGFFB28CB,新站段,14.08,都市：住,10000,21,持分移轉,00660000
RPQNMLLJLHIGFKB77CB,龍目井段龍目井小段,26.81,都市：住,100000,2385,持分移轉,00890000
RPQNMLLJLHIGFKB77CB,龍目井段龍目井小段,9.10,都市：住,50,1,持分移轉,00890006
RPRNMLLJLHIGFKB87CB,中社段,41.82,都市：住,542499,4182,持分移轉,07000000
RPQNMLLJLHIGFBB86CB,仁和段,.01,都市：商,10000,39,持分移轉,05130000
RPQNMLLJLHIGFBB86CB,仁和段,.02,都市：商,10000,39,持分移轉,05140000
RPQNMLLJLHIGFBB86CB,仁和段,2.92,都市：商,10000,39,持分移轉,05150000
RPQNMLLJLHIGFBB86CB,仁和段,.06,都市：商,10000,39,持分移轉,05160000
RPQNMLLJLHIGFBB86CB,仁和段,.60,都市：商,10000,39,持分移轉,05170000
RPQNMLLJLHIGFBB86CB,仁和段,.17,都市：商,10000,39,持分移轉,05180000
RPQNMLLJLHIGFBB86CB,仁和段,.05,都市：商,10000,39,持分移轉,05190000
RPQNMLLJLHIGFBB86CB,仁和段,.37,都市：商,10000,39,持分移轉,05200000
RPQNMLLJLHIGFBB86CB,仁和段,.55,都市：商,10000,39,持分移轉,05210000
RPQNMLLJLHIGFBB86CB,仁和段,.47,都市：商,10000,39,持分移轉,05220000
RPQNMLLJLHIGFBB86CB,仁和段,.06,都市：商,10000,39,持分移轉,05220001
RPQNMLLJLHIGFBB86CB,仁和段,8.53,都市：商,10000,39,持分移轉,05240000
RPQNMLLJLHIGFBB86CB,仁和段,3.54,都市：商,10000,39,持分移轉,05260000
RPQNMLLJLHIGFBB86CB,仁和段,1.56,都市：商,10000,39,持分移轉,05270001
RPQNMLLJLHIGFBB86CB,仁和段,3.56,都市：商,10000,39,持分移轉,05280000
RPSNMLLJLHIGFKB97CB,中社段,33.15,都市：住,542499,3315,持分移轉,07000000
RPTNMLLJLHIGFKB08CB,龍目井段龍目井小段,26.81,都市：住,100000,2385,持分移轉,00890000
RPTNMLLJLHIGFKB08CB,龍目井段龍目井小段,9.10,都市：住,50,1,持分移轉,00890006
RPUNMLLJLHIGFKB18CB,龍目井段龍目井小段,22.06,都市：住,100000,1963,持分移轉,00890000
RPUNMLLJLHIGFKB18CB,龍目井段龍目井小段,9.10,都市：住,50,1,持分移轉,00890006
RPVNMLLJLHIGFKB28CB,龍目井段龍目井小段,31.20,都市：住,10000,729,持分移轉,00900069
RPVNMLLJLHIGFKB28CB,龍目井段龍目井小段,.69,都市：住,42,1,持分移轉,00900063
RPVNMLLJLHIGFKB28CB,龍目井段龍目井小段,12.95,都市：住,93,4,持分移轉,00900054
RPXNMLLJLHIGFKB48CB,中社段,105.30,都市：住,1,1,全筆移轉,10750000
RPWNMLLJLHIGFKB38CB,龍目井段龍目井小段,31.20,都市：住,10000,729,持分移轉,00900069
RPWNMLLJLHIGFKB38CB,龍目井段龍目井小段,.69,都市：住,42,1,持分移轉,00900063
RPWNMLLJLHIGFKB38CB,龍目井段龍目井小段,19.42,都市：住,31,2,持分移轉,00900054
RPWNMLLJLHIGFKB38CB,龍目井段龍目井小段,6.00,都市：住,1,1,全筆移轉,00900064
RPWNMLLJLHIGFKB38CB,龍目井段龍目井小段,8.00,都市：住,1,1,全筆移轉,00900082
RPQNMLLJLHIGFGB37CB,復盛段,67.44,非都市：特定農業區 ; 非都市編定：甲種建築用地,1,1,全筆移轉,09550012
RPQNMLLJLHIGFGB37CB,復盛段,23.76,非都市：特定農業區 ; 非都市編定：甲種建築用地,20,1,持分移轉,09550026
RPPNMLLJLHIGFCB86CB,西屯段,25.37,都市：住,10000,101,持分移轉,22590000
RPPNMLLJLHIGFGB27CB,復盛段,82.06,非都市：特定農業區 ; 非都市編定：甲種建築用地,1,1,全筆移轉,09550010
RPPNMLLJLHIGFGB27CB,復盛段,23.76,非都市：特定農業區 ; 非都市編定：甲種建築用地,20,1,持分移轉,09550026
RPQNMLLJLHIGFCB96CB,西屯段,25.62,都市：住,10000,102,持分移轉,22590000
RPPNMLLJLHIGFIB47CB,北新段,27.33,都市：住,10000,43,持分移轉,10540000
RPQNMLLJLHIGFIB57CB,北新段,11.44,都市：住,10000,18,持分移轉,10540000
RPRNMLLJLHIGFIB67CB,北新段,11.44,都市：住,10000,18,持分移轉,10540000
RPSNMLLJLHIGFIB77CB,北新段,24.15,都市：住,10000,38,持分移轉,10540000
RPPNMLLJLHIGFJB57CB,樹孝段,28.53,都市：住,100000,1576,持分移轉,04720000
RPRNMLLJLHIGFDB17CB,中陽段,28.75,都市：住,100000,900,持分移轉,03510000
RPRNMLLJLHIGFDB17CB,中陽段,.02,都市：住,100000,900,持分移轉,03510001
RPPNMLLJLHIGFFB27DB,鹿寮段,22.24,都市：住,100000,826,持分移轉,08640000
RPQNMLLJLHIGFFB37DB,鹿寮段,19.77,都市：住,100000,734,持分移轉,08640000
RPRNMLLJLHIGFFB47DB,鹿寮段,22.24,都市：住,100000,826,持分移轉,08640000
RPUNMLMJLHIGFDB57CB,市政段,17.82,都市：住,100000,1676,持分移轉,01170000
RPVNMLMJLHIGFDB67CB,市政段,26.96,都市：住,100000,2536,持分移轉,01170000
RPXNMLMJLHIGFDB87CB,市政段,20.70,都市：住,100000,1947,持分移轉,01170000
RPPNMLMJLHIGFIB57CB,溪南西段,23.17,非都市：鄉村區 ; 非都市編定：乙種建築用地,100000,1323,持分移轉,09810000
RPQNMLMJLHIGFIB67CB,中興段,11.89,都市：住,100000,1241,持分移轉,01170000
RPQNMLMJLHIGFIB67CB,中興段,11.98,都市：住,100000,1241,持分移轉,01180000
RPQNMLMJLHIGFIB67CB,中興段,3.64,都市：住,100000,1241,持分移轉,01190001
RPSNMLMJLHIGFGB67CB,東豐段,12.43,都市：住,100000,732,持分移轉,00290000
RPSNMLMJLHIGFGB67CB,東豐段,4.49,都市：住,100000,732,持分移轉,00350000
RPSNMLMJLHIGFGB67CB,東豐段,4.92,都市：住,100000,732,持分移轉,00360000
RPSNMLMJLHIGFGB67CB,東豐段,2.64,都市：住,100000,732,持分移轉,00370000
RPPNMLMJLHIGFKB77CB,龍目井段龍目井小段,23.58,都市：住,100000,2098,持分移轉,00890000
RPPNMLMJLHIGFKB77CB,龍目井段龍目井小段,9.10,都市：住,50,1,持分移轉,00890006
RPSNMLMJLHIGFDB37CB,新綠山段,3.11,都市：住,100000,934,持分移轉,05310000
RPSNMLMJLHIGFDB37CB,新綠山段,8.68,都市：住,100000,934,持分移轉,05320000
RPSNMLMJLHIGFDB37CB,新綠山段,12.29,都市：住,100000,934,持分移轉,05330000
RPSNMLMJLHIGFDB37CB,新綠山段,6.43,都市：住,100000,934,持分移轉,05340000
RPSNMLMJLHIGFDB37CB,新綠山段,.63,都市：住,100000,934,持分移轉,05420009
RPSNMLMJLHIGFDB37CB,新綠山段,.58,都市：住,100000,934,持分移轉,05420010
RPSNMLMJLHIGFDB37CB,新綠山段,.55,都市：住,100000,934,持分移轉,05420011
RPSNMLMJLHIGFDB37CB,新綠山段,.62,都市：住,100000,934,持分移轉,05420012
RPSNMLMJLHIGFDB37CB,新綠山段,.67,都市：住,100000,934,持分移轉,05420013
RPSNMLMJLHIGFDB37CB,新綠山段,.89,都市：住,100000,934,持分移轉,05420014
RPSNMLMJLHIGFDB37CB,新綠山段,.24,都市：住,100000,934,持分移轉,05420015
RPRNMLMJLHIGFKB97CB,龍目井段龍目井小段,28.74,都市：住,100000,2557,持分移轉,00890000
RPRNMLMJLHIGFKB97CB,龍目井段龍目井小段,9.10,都市：住,50,1,持分移轉,00890006
RPQNMLMJLHIGFKB87CB,龍目井段龍目井小段,26.81,都市：住,100000,2385,持分移轉,00890000
RPQNMLMJLHIGFKB87CB,龍目井段龍目井小段,9.10,都市：住,50,1,持分移轉,00890006
RPPNMLMJLHIGFBB86CB,洲際段,34.93,都市：住,100000,1637,持分移轉,10540000
RPPNMLMJLHIGFEB17CB,松雅段,19.67,非都市：鄉村區 ; 非都市編定：乙種建築用地,10000,403,持分移轉,00100006
RPQNMLMJLHIGFBB96CB,洲際段,34.93,都市：住,100000,1637,持分移轉,10540000
RPSNMLMJLHIGFFB57CB,市鎮南段,6.01,都市：商,10000,12,持分移轉,00740000
RPTNMLMJLHIGFFB67CB,市鎮南段,13.02,都市：商,10000,26,持分移轉,00740000
RPWNMLMJLHIGFFB97CB,市鎮南段,11.02,都市：商,10000,22,持分移轉,00740000
RPXNMLMJLHIGFFB08CB,市鎮南段,6.01,都市：商,10000,12,持分移轉,00740000
RPOOMLMJLHIGFFB27CB,市鎮南段,8.51,都市：商,10000,17,持分移轉,00740000
RPSOMLMJLHIGFFB67CB,市鎮南段,11.02,都市：商,10000,22,持分移轉,00740000
RPQOMLMJLHIGFFB47CB,市鎮南段,11.02,都市：商,10000,22,持分移轉,00740000
RPUOMLMJLHIGFFB87CB,市鎮南段,11.02,都市：商,10000,22,持分移轉,00740000
RPPNMLMJLHIGFAB76CB,樹子腳段,14.78,都市：住,100000,2985,持分移轉,00070000
RPPOMLMJLHIGFFB37CB,市鎮南段,14.02,都市：商,10000,28,持分移轉,00740000
RPQNMLMJLHIGFAB86CB,樹子腳段,14.78,都市：住,100000,2985,持分移轉,00070000
RPRNMLMJLHIGFAB96CB,樹子腳段,16.66,都市：住,100000,3365,持分移轉,00070000
RPTNMLMJLHIGFAB17CB,樹子腳段,14.78,都市：住,100000,2985,持分移轉,00070000
RPUNMLMJLHIGFAB27CB,樹子腳段,14.78,都市：住,100000,2985,持分移轉,00070000
RPQNMLNJLHIGFBB07CB,平田段,24.51,都市：住,100000,1023,持分移轉,09580000
RPQNMLNJLHIGFBB07CB,仁平段,1.75,都市：住,100000,1023,持分移轉,03800000
RPRNMLNJLHIGFBB17CB,平田段,21.56,都市：住,100000,900,持分移轉,09580000
RPRNMLNJLHIGFBB17CB,仁平段,1.54,都市：住,100000,900,持分移轉,03800000
RPPNMLNJLHIGFBB96CB,文北段,20.81,都市：住,100000,477,持分移轉,00130000
RPSNMLNJLHIGFBB27CB,賴厝廍段,6.87,都市：住,100000,383,持分移轉,00860004
RPSNMLNJLHIGFBB27CB,賴厝廍段,3.68,都市：住,100000,383,持分移轉,00860085
RPPNMLNJLHIGFAB96DB,平民段八小段,5.66,都市：住,10000,156,持分移轉,00020000
RPPNMLNJLHIGFAB96DB,平民段八小段,12.14,都市：住,10000,156,持分移轉,00020001
RPPNMLNJLHIGFAB96DB,平民段八小段,.14,都市：住,10000,156,持分移轉,00090008
RPQNMLNJLHIGFAB07DB,平民段八小段,5.15,都市：住,10000,142,持分移轉,00020000
RPQNMLNJLHIGFAB07DB,平民段八小段,11.05,都市：住,10000,142,持分移轉,00020001
RPQNMLNJLHIGFAB07DB,平民段八小段,.13,都市：住,10000,142,持分移轉,00090008
RPTNMLNJLHIGFBB37CB,賴厝廍段,6.90,都市：住,100000,385,持分移轉,00860004
RPTNMLNJLHIGFBB37CB,賴厝廍段,3.70,都市：住,100000,385,持分移轉,00860085
RPPNMLNJLHIGFKB87CB,大東段,15.35,都市：住,100000,2832,持分移轉,08030000
RPPNMLNJLHIGFKB87CB,大東段,12.95,都市：住,100000,2832,持分移轉,08040000
RPPNMLNJLHIGFIB67CB,新高鐵段,17.45,都市：商,100000,124,持分移轉,00310000
RPQNMLNJLHIGFIB77CB,新高鐵段,14.63,都市：商,100000,104,持分移轉,00310000
RPRNMLNJLHIGFIB87CB,新高鐵段,9.15,都市：商,100000,65,持分移轉,00310000
RPSNMLNJLHIGFIB97CB,新高鐵段,10.97,都市：商,100000,78,持分移轉,00310000
RPRNMLNJLHIGFCB27CB,大進段,.58,都市：住,100000,530,持分移轉,09150001
RPRNMLNJLHIGFCB27CB,大進段,.58,都市：住,100000,530,持分移轉,09150002
RPRNMLNJLHIGFCB27CB,大進段,.58,都市：住,100000,530,持分移轉,09150003
RPRNMLNJLHIGFCB27CB,大進段,.58,都市：住,100000,530,持分移轉,09150004
RPRNMLNJLHIGFCB27CB,大進段,.58,都市：住,100000,530,持分移轉,09150005
RPRNMLNJLHIGFCB27CB,大進段,.58,都市：住,100000,530,持分移轉,09150006
RPRNMLNJLHIGFCB27CB,大進段,.58,都市：住,100000,530,持分移轉,09150007
RPRNMLNJLHIGFCB27CB,大進段,.58,都市：住,100000,530,持分移轉,09150008
RPRNMLNJLHIGFCB27CB,大進段,.58,都市：住,100000,530,持分移轉,09150009
RPRNMLNJLHIGFCB27CB,大進段,.58,都市：住,100000,530,持分移轉,09150010
RPPNMLNJLHIGFCB07CB,何厝段,7.38,都市：商,100000,134,持分移轉,00870000
RPRNMLNJLHIGFCB27CB,大進段,.58,都市：住,100000,530,持分移轉,09150011
RPRNMLNJLHIGFCB27CB,大進段,.33,都市：住,100000,530,持分移轉,09280000
RPRNMLNJLHIGFCB27CB,大進段,.97,都市：住,100000,530,持分移轉,09280005
RPRNMLNJLHIGFCB27CB,大進段,.34,都市：住,100000,530,持分移轉,09300000
RPRNMLNJLHIGFCB27CB,大進段,.34,都市：住,100000,530,持分移轉,09300001
RPRNMLNJLHIGFCB27CB,大進段,1.01,都市：住,100000,530,持分移轉,09300002
RPRNMLNJLHIGFCB27CB,大進段,1.01,都市：住,100000,530,持分移轉,09300003
RPTNMLNJLHIGFCB47CB,大進段,1.13,都市：住,100000,1038,持分移轉,09150001
RPTNMLNJLHIGFCB47CB,大進段,1.13,都市：住,100000,1038,持分移轉,09150002
RPTNMLNJLHIGFCB47CB,大進段,1.13,都市：住,100000,1038,持分移轉,09150003
RPTNMLNJLHIGFCB47CB,大進段,1.13,都市：住,100000,1038,持分移轉,09150004
RPTNMLNJLHIGFCB47CB,大進段,1.13,都市：住,100000,1038,持分移轉,09150005
RPTNMLNJLHIGFCB47CB,大進段,1.13,都市：住,100000,1038,持分移轉,09150006
RPTNMLNJLHIGFCB47CB,大進段,1.13,都市：住,100000,1038,持分移轉,09150007
RPTNMLNJLHIGFCB47CB,大進段,1.13,都市：住,100000,1038,持分移轉,09150008
RPTNMLNJLHIGFCB47CB,大進段,1.13,都市：住,100000,1038,持分移轉,09150009
RPTNMLNJLHIGFCB47CB,大進段,1.14,都市：住,100000,1038,持分移轉,09150010
RPTNMLNJLHIGFCB47CB,大進段,1.14,都市：住,100000,1038,持分移轉,09150011
RPTNMLNJLHIGFCB47CB,大進段,.65,都市：住,100000,1038,持分移轉,09280000
RPTNMLNJLHIGFCB47CB,大進段,1.90,都市：住,100000,1038,持分移轉,09280005
RPSNMLNJLHIGFCB37CB,大進段,.96,都市：住,100000,882,持分移轉,09150001
RPTNMLNJLHIGFCB47CB,大進段,.66,都市：住,100000,1038,持分移轉,09300000
RPSNMLNJLHIGFCB37CB,大進段,.96,都市：住,100000,882,持分移轉,09150002
RPTNMLNJLHIGFCB47CB,大進段,.66,都市：住,100000,1038,持分移轉,09300001
RPSNMLNJLHIGFCB37CB,大進段,.96,都市：住,100000,882,持分移轉,09150003
RPTNMLNJLHIGFCB47CB,大進段,1.98,都市：住,100000,1038,持分移轉,09300002
RPSNMLNJLHIGFCB37CB,大進段,.96,都市：住,100000,882,持分移轉,09150004
RPTNMLNJLHIGFCB47CB,大進段,1.98,都市：住,100000,1038,持分移轉,09300003
RPSNMLNJLHIGFCB37CB,大進段,.96,都市：住,100000,882,持分移轉,09150005
RPSNMLNJLHIGFCB37CB,大進段,.96,都市：住,100000,882,持分移轉,09150006
RPSNMLNJLHIGFCB37CB,大進段,.96,都市：住,100000,882,持分移轉,09150007
RPSNMLNJLHIGFCB37CB,大進段,.96,都市：住,100000,882,持分移轉,09150008
RPSNMLNJLHIGFCB37CB,大進段,.96,都市：住,100000,882,持分移轉,09150009
RPSNMLNJLHIGFCB37CB,大進段,.97,都市：住,100000,882,持分移轉,09150010
RPSNMLNJLHIGFCB37CB,大進段,.97,都市：住,100000,882,持分移轉,09150011
RPSNMLNJLHIGFCB37CB,大進段,.56,都市：住,100000,882,持分移轉,09280000
RPSNMLNJLHIGFCB37CB,大進段,1.61,都市：住,100000,882,持分移轉,09280005
RPSNMLNJLHIGFCB37CB,大進段,.56,都市：住,100000,882,持分移轉,09300000
RPSNMLNJLHIGFCB37CB,大進段,.56,都市：住,100000,882,持分移轉,09300001
RPSNMLNJLHIGFCB37CB,大進段,1.68,都市：住,100000,882,持分移轉,09300002
RPSNMLNJLHIGFCB37CB,大進段,1.68,都市：住,100000,882,持分移轉,09300003
RPQNMLNJLHIGFCB17CB,大進段,.96,都市：住,100000,881,持分移轉,09150001
RPQNMLNJLHIGFCB17CB,大進段,.96,都市：住,100000,881,持分移轉,09150002
RPQNMLNJLHIGFCB17CB,大進段,.96,都市：住,100000,881,持分移轉,09150003
RPQNMLNJLHIGFCB17CB,大進段,.96,都市：住,100000,881,持分移轉,09150004
RPQNMLNJLHIGFCB17CB,大進段,.96,都市：住,100000,881,持分移轉,09150005
RPQNMLNJLHIGFCB17CB,大進段,.96,都市：住,100000,881,持分移轉,09150006
RPQNMLNJLHIGFCB17CB,大進段,.96,都市：住,100000,881,持分移轉,09150007
RPQNMLNJLHIGFCB17CB,大進段,.96,都市：住,100000,881,持分移轉,09150008
RPQNMLNJLHIGFCB17CB,大進段,.96,都市：住,100000,881,持分移轉,09150009
RPQNMLNJLHIGFCB17CB,大進段,.97,都市：住,100000,881,持分移轉,09150010
RPQNMLNJLHIGFCB17CB,大進段,.97,都市：住,100000,881,持分移轉,09150011
RPQNMLNJLHIGFCB17CB,大進段,.56,都市：住,100000,881,持分移轉,09280000
RPQNMLNJLHIGFCB17CB,大進段,1.61,都市：住,100000,881,持分移轉,09280005
RPQNMLNJLHIGFCB17CB,大進段,.56,都市：住,100000,881,持分移轉,09300000
RPQNMLNJLHIGFCB17CB,大進段,.56,都市：住,100000,881,持分移轉,09300001
RPQNMLNJLHIGFCB17CB,大進段,1.68,都市：住,100000,881,持分移轉,09300002
RPQNMLNJLHIGFCB17CB,大進段,1.68,都市：住,100000,881,持分移轉,09300003
RPVNMLNJLHIGFCB67CB,大進段,.96,都市：住,100000,882,持分移轉,09150001
RPVNMLNJLHIGFCB67CB,大進段,.96,都市：住,100000,882,持分移轉,09150002
RPVNMLNJLHIGFCB67CB,大進段,.96,都市：住,100000,882,持分移轉,09150003
RPVNMLNJLHIGFCB67CB,大進段,.96,都市：住,100000,882,持分移轉,09150004
RPVNMLNJLHIGFCB67CB,大進段,.96,都市：住,100000,882,持分移轉,09150005
RPVNMLNJLHIGFCB67CB,大進段,.96,都市：住,100000,882,持分移轉,09150006
RPVNMLNJLHIGFCB67CB,大進段,.96,都市：住,100000,882,持分移轉,09150007
RPVNMLNJLHIGFCB67CB,大進段,.96,都市：住,100000,882,持分移轉,09150008
RPVNMLNJLHIGFCB67CB,大進段,.96,都市：住,100000,882,持分移轉,09150009
RPVNMLNJLHIGFCB67CB,大進段,.97,都市：住,100000,882,持分移轉,09150010
RPVNMLNJLHIGFCB67CB,大進段,.97,都市：住,100000,882,持分移轉,09150011
RPVNMLNJLHIGFCB67CB,大進段,.56,都市：住,100000,882,持分移轉,09280000
RPVNMLNJLHIGFCB67CB,大進段,1.61,都市：住,100000,882,持分移轉,09280005
RPVNMLNJLHIGFCB67CB,大進段,.56,都市：住,100000,882,持分移轉,09300000
RPVNMLNJLHIGFCB67CB,大進段,.56,都市：住,100000,882,持分移轉,09300001
RPVNMLNJLHIGFCB67CB,大進段,1.68,都市：住,100000,882,持分移轉,09300002
RPVNMLNJLHIGFCB67CB,大進段,1.68,都市：住,100000,882,持分移轉,09300003
RPUNMLNJLHIGFCB57CB,大進段,1.13,都市：住,100000,1038,持分移轉,09150001
RPUNMLNJLHIGFCB57CB,大進段,1.13,都市：住,100000,1038,持分移轉,09150002
RPUNMLNJLHIGFCB57CB,大進段,1.13,都市：住,100000,1038,持分移轉,09150003
RPXNMLNJLHIGFCB87CB,惠來厝段,2.38,都市：住,100000,362,持分移轉,03050000
RPUNMLNJLHIGFCB57CB,大進段,1.13,都市：住,100000,1038,持分移轉,09150004
RPXNMLNJLHIGFCB87CB,惠來厝段,8.03,都市：住,100000,362,持分移轉,03110000
RPUNMLNJLHIGFCB57CB,大進段,1.13,都市：住,100000,1038,持分移轉,09150005
RPXNMLNJLHIGFCB87CB,惠來厝段,10.14,都市：住,100000,362,持分移轉,03140000
RPUNMLNJLHIGFCB57CB,大進段,1.13,都市：住,100000,1038,持分移轉,09150006
RPXNMLNJLHIGFCB87CB,惠來厝段,.43,都市：住,100000,362,持分移轉,03140003
RPUNMLNJLHIGFCB57CB,大進段,1.13,都市：住,100000,1038,持分移轉,09150007
RPUNMLNJLHIGFCB57CB,大進段,1.13,都市：住,100000,1038,持分移轉,09150008
RPUNMLNJLHIGFCB57CB,大進段,1.13,都市：住,100000,1038,持分移轉,09150009
RPUNMLNJLHIGFCB57CB,大進段,1.14,都市：住,100000,1038,持分移轉,09150010
RPUNMLNJLHIGFCB57CB,大進段,1.14,都市：住,100000,1038,持分移轉,09150011
RPUNMLNJLHIGFCB57CB,大進段,.65,都市：住,100000,1038,持分移轉,09280000
RPUNMLNJLHIGFCB57CB,大進段,1.90,都市：住,100000,1038,持分移轉,09280005
RPUNMLNJLHIGFCB57CB,大進段,.66,都市：住,100000,1038,持分移轉,09300000
RPUNMLNJLHIGFCB57CB,大進段,.66,都市：住,100000,1038,持分移轉,09300001
RPUNMLNJLHIGFCB57CB,大進段,1.98,都市：住,100000,1038,持分移轉,09300002
RPUNMLNJLHIGFCB57CB,大進段,1.98,都市：住,100000,1038,持分移轉,09300003
RPWNMLNJLHIGFCB77CB,大進段,.53,都市：住,100000,484,持分移轉,09150001
RPWNMLNJLHIGFCB77CB,大進段,.53,都市：住,100000,484,持分移轉,09150002
RPWNMLNJLHIGFCB77CB,大進段,.53,都市：住,100000,484,持分移轉,09150003
RPWNMLNJLHIGFCB77CB,大進段,.53,都市：住,100000,484,持分移轉,09150004
RPWNMLNJLHIGFCB77CB,大進段,.53,都市：住,100000,484,持分移轉,09150005
RPWNMLNJLHIGFCB77CB,大進段,.53,都市：住,100000,484,持分移轉,09150006
RPWNMLNJLHIGFCB77CB,大進段,.53,都市：住,100000,484,持分移轉,09150007
RPWNMLNJLHIGFCB77CB,大進段,.53,都市：住,100000,484,持分移轉,09150008
RPWNMLNJLHIGFCB77CB,大進段,.53,都市：住,100000,484,持分移轉,09150009
RPWNMLNJLHIGFCB77CB,大進段,.53,都市：住,100000,484,持分移轉,09150010
RPWNMLNJLHIGFCB77CB,大進段,.53,都市：住,100000,484,持分移轉,09150011
RPWNMLNJLHIGFCB77CB,大進段,.30,都市：住,100000,484,持分移轉,09280000
RPWNMLNJLHIGFCB77CB,大進段,.89,都市：住,100000,484,持分移轉,09280005
RPWNMLNJLHIGFCB77CB,大進段,.31,都市：住,100000,484,持分移轉,09300000
RPWNMLNJLHIGFCB77CB,大進段,.31,都市：住,100000,484,持分移轉,09300001
RPWNMLNJLHIGFCB77CB,大進段,.92,都市：住,100000,484,持分移轉,09300002
RPWNMLNJLHIGFCB77CB,大進段,.92,都市：住,100000,484,持分移轉,09300003
RPPOMLNJLHIGFCB17CB,惠來厝段,1.84,都市：住,100000,280,持分移轉,03050000
RPPOMLNJLHIGFCB17CB,惠來厝段,6.21,都市：住,100000,280,持分移轉,03110000
RPPOMLNJLHIGFCB17CB,惠來厝段,7.84,都市：住,100000,280,持分移轉,03140000
RPPOMLNJLHIGFCB17CB,惠來厝段,.34,都市：住,100000,280,持分移轉,03140003
RPOOMLNJLHIGFCB07CB,惠來厝段,1.84,都市：住,100000,280,持分移轉,03050000
RPOOMLNJLHIGFCB07CB,惠來厝段,6.21,都市：住,100000,280,持分移轉,03110000
RPOOMLNJLHIGFCB07CB,惠來厝段,7.84,都市：住,100000,280,持分移轉,03140000
RPOOMLNJLHIGFCB07CB,惠來厝段,.34,都市：住,100000,280,持分移轉,03140003
RPQOMLNJLHIGFCB27CB,惠來厝段,1.84,都市：住,100000,280,持分移轉,03050000
RPQOMLNJLHIGFCB27CB,惠來厝段,6.21,都市：住,100000,280,持分移轉,03110000
RPQOMLNJLHIGFCB27CB,惠來厝段,7.84,都市：住,100000,280,持分移轉,03140000
RPQOMLNJLHIGFCB27CB,惠來厝段,.34,都市：住,100000,280,持分移轉,03140003
RPROMLNJLHIGFCB37CB,惠來厝段,1.84,都市：住,100000,280,持分移轉,03050000
RPROMLNJLHIGFCB37CB,惠來厝段,6.21,都市：住,100000,280,持分移轉,03110000
RPROMLNJLHIGFCB37CB,惠來厝段,7.84,都市：住,100000,280,持分移轉,03140000
RPROMLNJLHIGFCB37CB,惠來厝段,.34,都市：住,100000,280,持分移轉,03140003
RPSOMLNJLHIGFCB47CB,福德段,5.89,都市：住,100000,673,持分移轉,00370000
RPSOMLNJLHIGFCB47CB,福德段,6.72,都市：住,100000,673,持分移轉,00420000
RPTOMLNJLHIGFCB57CB,福德段,9.43,都市：住,100000,1077,持分移轉,00370000
RPTOMLNJLHIGFCB57CB,福德段,10.75,都市：住,100000,1077,持分移轉,00420000
RPRNMLNJLHIGFDB37CB,南陽段,4.15,都市：住,100000,1451,持分移轉,06090000
RPRNMLNJLHIGFDB37CB,南陽段,6.14,都市：住,100000,1451,持分移轉,06110000
RPVNMLNJLHIGFDB77CB,鳳山段,20.74,非都市：鄉村區 ; 非都市編定：乙種建築用地,170890,2074,持分移轉,01510000
RPSNMLNJLHIGFDB47CB,神圳段,82.98,都市：住,1,1,全筆移轉,03740030
RPXNMLNJLHIGFDB97CB,市政段,26.96,都市：住,100000,2536,持分移轉,01170000
RPPNMLNJLHIGFJB77CB,育賢段,18.18,都市：住,10000,31,持分移轉,02100001
RPQNMLNJLHIGFJB87CB,育賢段,26.56,都市：住,100000,453,持分移轉,02100000
RPSNMLNJLHIGFJB08CB,育賢段,23.39,都市：住,100000,399,持分移轉,02100000
RPTNMLNJLHIGFJB18CB,學億段,29.55,都市：住,10000,157,持分移轉,00380004
RPRNMLNJLHIGFJB97CB,育賢段,23.51,都市：住,100000,401,持分移轉,02100000
RPUNMLNJLHIGFJB28CB,學億段,35.76,都市：住,10000,190,持分移轉,00380004
RPXNMLOJLHIGFDB08CB,公安段,15.49,都市：住,36,1,持分移轉,07550018
RPXNMLOJLHIGFDB08CB,公安段,21.02,都市：住,36,1,持分移轉,08960000
RPWNMLOJLHIGFDB97CB,公安段,15.49,都市：住,36,1,持分移轉,07550018
RPWNMLOJLHIGFDB97CB,公安段,21.02,都市：住,36,1,持分移轉,08960000
RPVNMLNJLHIGFJB38CB,學億段,29.55,都市：住,10000,157,持分移轉,00380004
RPOOMLOJLHIGFDB27CB,市政段,20.70,都市：住,100000,1947,持分移轉,01170000
RPPOMLOJLHIGFDB37CB,市政段,20.70,都市：住,100000,1947,持分移轉,01170000
RPQOMLOJLHIGFDB47CB,市政段,26.88,都市：住,100000,2528,持分移轉,01170000
RPROMLOJLHIGFDB57CB,市政段,26.96,都市：住,100000,2536,持分移轉,01170000
RPTOMLOJLHIGFDB77CB,市政段,20.70,都市：住,100000,1947,持分移轉,01170000
RPPNMLOJLHIGFHB67CB,自強段,2.33,非都市：特定農業區 ; 非都市編定：甲種建築用地,100000,1638,持分移轉,00310000
RPPNMLOJLHIGFHB67CB,自強段,17.44,非都市：特定農業區 ; 非都市編定：甲種建築用地,100000,1638,持分移轉,00320000
RPPNMLOJLHIGFHB67CB,自強段,2.98,非都市：特定農業區 ; 非都市編定：農牧用地,52,1,持分移轉,00400000
RPQNMLOJLHIGFHB77CB,自強段,2.33,非都市：特定農業區 ; 非都市編定：甲種建築用地,100000,1641,持分移轉,00310000
RPQNMLOJLHIGFHB77CB,自強段,17.48,非都市：特定農業區 ; 非都市編定：甲種建築用地,100000,1641,持分移轉,00320000
RPQNMLOJLHIGFHB77CB,自強段,2.98,非都市：特定農業區 ; 非都市編定：農牧用地,52,1,持分移轉,00400000
RPQNMLOJLHIGFAB07CB,城隍段五小段,4.83,都市：商,100000,922,持分移轉,00080014
RPQNMLOJLHIGFAB07CB,城隍段五小段,6.59,都市：商,100000,922,持分移轉,00080015
RPQNMLOJLHIGFAB07CB,城隍段五小段,3.83,都市：商,100000,922,持分移轉,00090003
RPQNMLOJLHIGFAB07CB,城隍段六小段,3.12,都市：商,100000,922,持分移轉,00030000
RPQNMLOJLHIGFAB07CB,城隍段六小段,.82,都市：商,100000,922,持分移轉,00030002
RPQNMLOJLHIGFAB07CB,城隍段六小段,.43,都市：商,100000,922,持分移轉,00040000
RPUNMLOJLHIGFAB47CB,城隍段五小段,4.83,都市：商,100000,922,持分移轉,00080014
RPQNMLOJLHIGFAB07CB,城隍段六小段,.12,都市：住,100000,922,持分移轉,00030010
RPUNMLOJLHIGFAB47CB,城隍段五小段,6.59,都市：商,100000,922,持分移轉,00080015
RPUNMLOJLHIGFAB47CB,城隍段五小段,3.83,都市：商,100000,922,持分移轉,00090003
RPUNMLOJLHIGFAB47CB,城隍段六小段,3.12,都市：商,100000,922,持分移轉,00030000
RPUNMLOJLHIGFAB47CB,城隍段六小段,.82,都市：商,100000,922,持分移轉,00030002
RPUNMLOJLHIGFAB47CB,城隍段六小段,.43,都市：商,100000,922,持分移轉,00040000
RPUNMLOJLHIGFAB47CB,城隍段六小段,.12,都市：住,100000,922,持分移轉,00030010
RPPNMLPJLHIGFFB57CB,保寧段,21.61,都市：住,100000,668,持分移轉,05090000
RPPNMLOJLHIGFFB47CB,成衣段,38.87,都市：住,10000,152,持分移轉,00050000
RPQNMLPJLHIGFFB67CB,興安西段,24.16,都市：住,100000,818,持分移轉,01960000
RPRNMLPJLHIGFFB77CB,興安西段,24.16,都市：住,100000,818,持分移轉,01960000
RPSNMLPJLHIGFFB87CB,興安西段,22.86,都市：住,100000,774,持分移轉,01960000
RPPNMLPJLHIGFEB47CB,水美東段,30.80,非都市：鄉村區 ; 非都市編定：乙種建築用地,100000,3340,持分移轉,05350000
RPQNMLPJLHIGFJB08CB,宜欣段,29.00,都市：住,1000000,19268,持分移轉,03610000
RPPNMLPJLHIGFBB17CB,太祥段,22.28,都市：住,100000,1337,持分移轉,01090000
RPPNMLPJLHIGFBB17CB,太祥段,.85,都市：住,100000,1337,持分移轉,01090001
RPSNMLPJLHIGFJB28CB,宜欣段,29.66,都市：住,1000000,19706,持分移轉,03610000
RPTNMLPJLHIGFJB38CB,宜欣段,29.66,都市：住,1000000,19706,持分移轉,03610000
RPUNMLPJLHIGFJB48CB,宜欣段,16.53,都市：住,1000000,10984,持分移轉,03610000
RPPNMLQJLHIGFJB08CB,育賢段,15.87,都市：住,10000,25,持分移轉,01840004
RPVNMLPJLHIGFJB58CB,宜欣段,22.42,都市：住,1000000,14899,持分移轉,03610000
RPWNMLPJLHIGFJB68CB,宜欣段,22.55,都市：住,1000000,14981,持分移轉,03610000
RPRNMLQJLHIGFJB28CB,育賢段,15.87,都市：住,10000,25,持分移轉,01840004
RPPNMLQJLHIGFDB47CB,市政段,20.70,都市：住,100000,1947,持分移轉,01170000
RPQNMLQJLHIGFDB57CB,市政段,20.66,都市：住,100000,1943,持分移轉,01170000
RPRNMLQJLHIGFDB67CB,市政段,20.66,都市：住,100000,1943,持分移轉,01170000
RPSNMLQJLHIGFDB77CB,市政段,26.88,都市：住,100000,2528,持分移轉,01170000
RPTNMLQJLHIGFDB87CB,市政段,29.06,都市：住,100000,2733,持分移轉,01170000
RPUNMLQJLHIGFDB97CB,市政段,20.70,都市：住,100000,1947,持分移轉,01170000
RPVNMLQJLHIGFDB08CB,市政段,20.66,都市：住,100000,1943,持分移轉,01170000
RPWNMLQJLHIGFDB18CB,市政段,26.88,都市：住,100000,2528,持分移轉,01170000
RPPOMLQJLHIGFDB57CB,市政段,20.70,都市：住,100000,1947,持分移轉,01170000
RPXNMLQJLHIGFDB28CB,市政段,26.88,都市：住,100000,2528,持分移轉,01170000
RPPNMLQJLHIGFIB97CB,五張犁西段,80.07,都市：農,1,1,全筆移轉,09800090
RPPNMLQJLHIGFIB97CB,五張犁西段,1.04,都市：農,100000,1111,持分移轉,09800101
RPPNMLQJLHIGFIB97CB,五張犁西段,22.59,都市：農,100000,1526,持分移轉,09800106
RPPNMLQJLHIGFIB97CB,五張犁西段,2.85,都市：農,100000,1111,持分移轉,09800108
RPRNMLQJLHIGFIB18CB,新高鐵段,15.76,都市：商,100000,272,持分移轉,00570000
RPPNMLQJLHIGFBB27CB,北屯段,17.92,都市：住,10000,48,持分移轉,02140000
RPPNMLQJLHIGFIB08DB,湖日段,13.18,都市：住,10000,280,持分移轉,11620000
RPPNMLQJLHIGFIB08DB,湖日段,18.07,都市：住,10000,280,持分移轉,11630000
RPPNMLQJLHIGFIB08DB,湖日段,2.25,都市：住,10000,280,持分移轉,11640000
RPPNMLQJLHIGFIB08DB,湖日段,3.28,都市：農,41,1,持分移轉,11600000
RPQNMLQJLHIGFIB08CB,新高鐵段,18.37,都市：商,100000,317,持分移轉,00570000
RPQNMLQJLHIGFBB37CB,北屯段,17.17,都市：住,10000,46,持分移轉,02140000
RPPNMLQJLHIGFFB67CB,市鎮南段,2.26,都市：商,100000,97,持分移轉,01200000
RPPNMLQJLHIGFFB67CB,市鎮南段,4.29,都市：商,100000,97,持分移轉,01210000
RPPNMLQJLHIGFFB67CB,市鎮南段,3.41,都市：商,100000,97,持分移轉,01220000
RPQNMLQJLHIGFFB77CB,市鎮南段,2.80,都市：商,100000,120,持分移轉,01200000
RPQNMLQJLHIGFFB77CB,市鎮南段,5.31,都市：商,100000,120,持分移轉,01210000
RPQNMLQJLHIGFFB77CB,市鎮南段,4.22,都市：商,100000,120,持分移轉,01220000
RPRNMLQJLHIGFFB87CB,興農段,24.37,都市：住,100000,856,持分移轉,07840000
RPRNMLQJLHIGFFB87CB,興農段,.80,都市：住,50679,433,持分移轉,07890000
RPTNMLQJLHIGFFB08CB,興農段,23.43,都市：住,100000,823,持分移轉,07840000
RPTNMLQJLHIGFFB08CB,興農段,.77,都市：住,50679,416,持分移轉,07890000
RPUNMLQJLHIGFFB18CB,興農段,23.43,都市：住,100000,823,持分移轉,07840000
RPUNMLQJLHIGFFB18CB,興農段,.77,都市：住,50679,416,持分移轉,07890000
RPVNMLQJLHIGFFB28CB,興農段,22.83,都市：住,100000,802,持分移轉,07840000
RPVNMLQJLHIGFFB28CB,興農段,.75,都市：住,50679,406,持分移轉,07890000
RPPOMLQJLHIGFFB77CB,國昌段,63.80,都市：住,1,1,全筆移轉,02330039
RPPOMLQJLHIGFFB77CB,國昌段,7.65,都市：住,47023,765,持分移轉,02330014
RPPOMLQJLHIGFFB77CB,國昌段,.02,都市：住,46,2,持分移轉,02330044
RPQOMLQJLHIGFFB87CB,市鎮南段,2.96,都市：商,100000,127,持分移轉,01200000
RPQOMLQJLHIGFFB87CB,市鎮南段,5.62,都市：商,100000,127,持分移轉,01210000
RPQOMLQJLHIGFFB87CB,市鎮南段,4.47,都市：商,100000,127,持分移轉,01220000
RPXNMLQJLHIGFFB48CB,市鎮南段,2.80,都市：商,100000,120,持分移轉,01200000
RPXNMLQJLHIGFFB48CB,市鎮南段,5.31,都市：商,100000,120,持分移轉,01210000
RPXNMLQJLHIGFFB48CB,市鎮南段,4.22,都市：商,100000,120,持分移轉,01220000
RPSNMLQJLHIGFFB97CB,興農段,24.37,都市：住,100000,856,持分移轉,07840000
RPSNMLQJLHIGFFB97CB,興農段,.80,都市：住,50679,433,持分移轉,07890000
RPSOMLQJLHIGFFB08CB,市鎮南段,9.42,都市：商,100000,42,持分移轉,00970000
RPROMLQJLHIGFFB97CB,市鎮南段,2.96,都市：商,100000,127,持分移轉,01200000
RPROMLQJLHIGFFB97CB,市鎮南段,5.62,都市：商,100000,127,持分移轉,01210000
RPROMLQJLHIGFFB97CB,市鎮南段,4.47,都市：商,100000,127,持分移轉,01220000
RPTOMLQJLHIGFFB18CB,市鎮南段,6.50,都市：商,100000,29,持分移轉,00970000
RPUOMLQJLHIGFFB28CB,市鎮南段,9.42,都市：商,100000,42,持分移轉,00970000
RPVOMLQJLHIGFFB38CB,市鎮南段,9.42,都市：商,100000,42,持分移轉,00970000
RPXOMLQJLHIGFFB58CB,市鎮南段,6.50,都市：商,100000,29,持分移轉,00970000
RPWOMLQJLHIGFFB48CB,市鎮南段,6.50,都市：商,100000,29,持分移轉,00970000
RPOPMLQJLHIGFFB77CB,市鎮南段,6.50,都市：商,100000,29,持分移轉,00970000
RPPNMLQJLHIGFAB17CB,城隍段五小段,6.30,都市：商,100000,1203,持分移轉,00080014
RPPNMLQJLHIGFAB17CB,城隍段五小段,8.60,都市：商,100000,1203,持分移轉,00080015
RPPNMLQJLHIGFAB17CB,城隍段五小段,4.99,都市：商,100000,1203,持分移轉,00090003
RPPNMLQJLHIGFAB17CB,城隍段六小段,4.07,都市：商,100000,1203,持分移轉,00030000
RPPNMLQJLHIGFAB17CB,城隍段六小段,1.07,都市：商,100000,1203,持分移轉,00030002
RPPNMLQJLHIGFAB17CB,城隍段六小段,.57,都市：商,100000,1203,持分移轉,00040000
RPPNMLQJLHIGFAB17CB,城隍段六小段,.16,都市：住,100000,1203,持分移轉,00030010
RPRNMLQJLHIGFAB37CB,城隍段五小段,4.80,都市：商,100000,916,持分移轉,00080014
RPRNMLQJLHIGFAB37CB,城隍段五小段,6.55,都市：商,100000,916,持分移轉,00080015
RPRNMLQJLHIGFAB37CB,城隍段五小段,3.80,都市：商,100000,916,持分移轉,00090003
RPRNMLQJLHIGFAB37CB,城隍段六小段,3.10,都市：商,100000,916,持分移轉,00030000
RPRNMLQJLHIGFAB37CB,城隍段六小段,.82,都市：商,100000,916,持分移轉,00030002
RPRNMLQJLHIGFAB37CB,城隍段六小段,.43,都市：商,100000,916,持分移轉,00040000
RPRNMLQJLHIGFAB37CB,城隍段六小段,.12,都市：住,100000,916,持分移轉,00030010
RPPNMLQJLHIGFGB77CB,新盛段,28.60,都市：住,100000,817,持分移轉,05480000
RPSNMLQJLHIGFAB47CB,城隍段五小段,4.80,都市：商,100000,916,持分移轉,00080014
RPSNMLQJLHIGFAB47CB,城隍段五小段,6.55,都市：商,100000,916,持分移轉,00080015
RPSNMLQJLHIGFAB47CB,城隍段五小段,3.80,都市：商,100000,916,持分移轉,00090003
RPSNMLQJLHIGFAB47CB,城隍段六小段,3.10,都市：商,100000,916,持分移轉,00030000
RPSNMLQJLHIGFAB47CB,城隍段六小段,.82,都市：商,100000,916,持分移轉,00030002
RPSNMLQJLHIGFAB47CB,城隍段六小段,.43,都市：商,100000,916,持分移轉,00040000
RPSNMLQJLHIGFAB47CB,城隍段六小段,.12,都市：住,100000,916,持分移轉,00030010
RPPNMLRJLHIGFAB27CB,樹子腳段,11.57,都市：住,100000,181,持分移轉,06700000
RPPNMLRJLHIGFAB27CB,樹子腳段,11.82,都市：住,100000,181,持分移轉,06750000
RPQNMLQJLHIGFAB27CB,城隍段五小段,6.30,都市：商,100000,1203,持分移轉,00080014
RPQNMLQJLHIGFAB27CB,城隍段五小段,8.60,都市：商,100000,1203,持分移轉,00080015
RPQNMLQJLHIGFAB27CB,城隍段五小段,4.99,都市：商,100000,1203,持分移轉,00090003
RPQNMLQJLHIGFAB27CB,城隍段六小段,4.07,都市：商,100000,1203,持分移轉,00030000
RPQNMLQJLHIGFAB27CB,城隍段六小段,1.07,都市：商,100000,1203,持分移轉,00030002
RPQNMLQJLHIGFAB27CB,城隍段六小段,.57,都市：商,100000,1203,持分移轉,00040000
RPQNMLQJLHIGFAB27CB,城隍段六小段,.16,都市：住,100000,1203,持分移轉,00030010
RPQNMLRJLHIGFAB37CB,樹子腳段,11.64,都市：住,100000,182,持分移轉,06700000
RPQNMLRJLHIGFAB37CB,樹子腳段,11.89,都市：住,100000,182,持分移轉,06750000
RPRNMLRJLHIGFAB47CB,樹子腳段,11.64,都市：住,100000,182,持分移轉,06700000
RPRNMLRJLHIGFAB47CB,樹子腳段,11.89,都市：住,100000,182,持分移轉,06750000
RPPNMLRJLHIGFFB77CB,市鎮南段,4.34,都市：商,100000,186,持分移轉,01200000
RPPNMLRJLHIGFFB77CB,市鎮南段,8.23,都市：商,100000,186,持分移轉,01210000
RPPNMLRJLHIGFFB77CB,市鎮南段,6.54,都市：商,100000,186,持分移轉,01220000
RPQNMLRJLHIGFFB87CB,市鎮南段,2.29,都市：商,100000,98,持分移轉,01200000
RPQNMLRJLHIGFFB87CB,市鎮南段,4.33,都市：商,100000,98,持分移轉,01210000
RPQNMLRJLHIGFFB87CB,市鎮南段,3.45,都市：商,100000,98,持分移轉,01220000
RPRNMLRJLHIGFFB97CB,興農段,23.43,都市：住,100000,823,持分移轉,07840000
RPRNMLRJLHIGFFB97CB,興農段,.77,都市：住,50679,416,持分移轉,07890000
RPSNMLRJLHIGFFB08CB,市鎮南段,2.26,都市：商,100000,97,持分移轉,01200000
RPSNMLRJLHIGFFB08CB,市鎮南段,4.29,都市：商,100000,97,持分移轉,01210000
RPSNMLRJLHIGFFB08CB,市鎮南段,3.41,都市：商,100000,97,持分移轉,01220000
RPUNMLRJLHIGFFB28CB,市鎮南段,4.34,都市：商,100000,186,持分移轉,01200000
RPUNMLRJLHIGFFB28CB,市鎮南段,8.23,都市：商,100000,186,持分移轉,01210000
RPUNMLRJLHIGFFB28CB,市鎮南段,6.54,都市：商,100000,186,持分移轉,01220000
RPVNMLRJLHIGFFB38CB,市鎮南段,2.89,都市：商,100000,124,持分移轉,01200000
RPVNMLRJLHIGFFB38CB,市鎮南段,5.48,都市：商,100000,124,持分移轉,01210000
RPVNMLRJLHIGFFB38CB,市鎮南段,4.36,都市：商,100000,124,持分移轉,01220000
RPRNMLRJLHIGFBB57CB,鑫新平段,.77,都市：住,100000,7757,持分移轉,03010000
RPRNMLRJLHIGFBB57CB,陳平段,24.51,都市：住,100000,7757,持分移轉,28350000
RPRNMLRJLHIGFBB57CB,陳平段,.08,都市：住,100000,7757,持分移轉,28350001
RPRNMLRJLHIGFBB57CB,陳平段,.70,都市：其他:道路用地,100000,7757,持分移轉,28350002
RPPNMLRJLHIGFIB08CB,北新段,18.43,都市：住,10000,29,持分移轉,10540000
RPQNMLRJLHIGFIB18CB,北新段,11.44,都市：住,10000,18,持分移轉,10540000
RPTNMLRJLHIGFIB48CB,北新段,18.43,都市：住,10000,29,持分移轉,10540000
RPUNMLRJLHIGFIB58CB,北新段,17.16,都市：住,10000,27,持分移轉,10540000
RPSNMLRJLHIGFIB38CB,北新段,18.43,都市：住,10000,29,持分移轉,10540000
RPPNMLRJLHIGFHB97CB,清雅段,99.98,都市：住,1,1,全筆移轉,02610021
RPPNMLRJLHIGFHB97CB,清雅段,12.14,都市：住,100000,15389,持分移轉,02610022
RPPNMLRJLHIGFHB97CB,清雅段,14.09,都市：住,5,1,持分移轉,02610023
RPPNMLRJLHIGFHB97CB,清雅段,.48,都市：住,27,1,持分移轉,02610037
RPPNMLRJLHIGFHB97CB,清雅段,.21,都市：住,27,1,持分移轉,02610038
RPVNMLRJLHIGFIB68CB,北新段,24.15,都市：住,10000,38,持分移轉,10540000
RPWNMLRJLHIGFIB78CB,北新段,17.16,都市：住,10000,27,持分移轉,10540000
RPXNMLRJLHIGFIB88CB,北新段,33.05,都市：住,10000,52,持分移轉,10540000
RPOOMLRJLHIGFIB08CB,北新段,24.15,都市：住,10000,38,持分移轉,10540000
RPROMLRJLHIGFIB38CB,九如段,28.86,都市：住,100000,2026,持分移轉,04430000
RPPOMLRJLHIGFIB18CB,北新段,21.61,都市：住,10000,34,持分移轉,10540000
RPSOMLRJLHIGFIB48CB,九如段,22.39,都市：住,100000,1572,持分移轉,04430000
RPTOMLRJLHIGFIB58CB,九如段,22.18,都市：住,100000,1557,持分移轉,04430000
RPVOMLRJLHIGFIB78CB,九如段,22.18,都市：住,100000,1557,持分移轉,04430000
RPUOMLRJLHIGFIB68CB,九如段,22.18,都市：住,100000,1557,持分移轉,04430000
RPQNMLRJLHIGFCB57CB,逢大段,17.69,都市：其他:第二種創新研發專用區,100000,721,持分移轉,00350000
RPPNMLRJLHIGFCB47CB,逢大段,17.72,都市：其他:第二種創新研發專用區,100000,722,持分移轉,00350000
RPRNMLRJLHIGFCB67CB,大墩段,16.65,都市：商,100000,608,持分移轉,03390000
RPQNMLRJLHIGFDB67CB,市政段,26.96,都市：住,100000,2536,持分移轉,01170000
RPPNMLRJLHIGFJB18CB,育賢段,21.48,都市：住,10000,25,持分移轉,02010000
RPRNMLRJLHIGFJB38CB,育賢段,22.34,都市：住,10000,26,持分移轉,02010000
RPPNMLRJLHIGFDB57CB,市政段,20.70,都市：住,100000,1947,持分移轉,01170000
RPQNMLRJLHIGFJB28CB,育賢段,18.05,都市：住,10000,21,持分移轉,02010000
RPRNMLSJLHIGFDB87CB,中和東段,32.07,都市：住,100000,1461,持分移轉,12000000
RPPNMLSJLHIGFCB57CB,永春段,23.20,都市：住,100000,816,持分移轉,01050000
RPPNMLSJLHIGFCB57CB,永春段,1.38,都市：住,100000,46,持分移轉,01060004
RPSNMLRJLHIGFJB48CB,育賢段,18.05,都市：住,10000,21,持分移轉,02010000
RPRNMLSJLHIGFCB77CB,西屯段,25.62,都市：住,10000,102,持分移轉,22590000
RPQNMLSJLHIGFCB67CB,田心段,16.41,都市：商,10000,59,持分移轉,05530000
RPSNMLSJLHIGFCB87CB,西屯段,25.37,都市：住,10000,101,持分移轉,22590000
RPQNMLSJLHIGFHB18CB,弘富段,14.50,都市：住,100000,1275,持分移轉,00930000
RPQNMLSJLHIGFHB18CB,弘富段,16.98,都市：住,100000,1275,持分移轉,00950000
RPPNMLSJLHIGFBB47CB,仁平段,53.78,都市：住,100000,1126,持分移轉,02660000
RPTNMLSJLHIGFBB87CB,北屯段,17.92,都市：住,10000,48,持分移轉,02140000
RPSNMLSJLHIGFBB77CB,北屯段,24.64,都市：住,10000,66,持分移轉,02140000
RPUNMLSJLHIGFBB97CB,北屯段,17.92,都市：住,10000,48,持分移轉,02140000
RPPNMLSJLHIGFFB87CB,市鎮南段,4.34,都市：商,100000,186,持分移轉,01200000
RPPNMLSJLHIGFFB87CB,市鎮南段,8.23,都市：商,100000,186,持分移轉,01210000
RPPNMLSJLHIGFFB87CB,市鎮南段,6.54,都市：商,100000,186,持分移轉,01220000
RPRNMLSJLHIGFFB08CB,市鎮南段,6.01,都市：商,10000,12,持分移轉,00740000
RPSNMLSJLHIGFFB18CB,市鎮南段,6.01,都市：商,10000,12,持分移轉,00740000
RPTNMLSJLHIGFFB28CB,市鎮南段,14.02,都市：商,10000,28,持分移轉,00740000
RPVNMLSJLHIGFFB48CB,市鎮南段,15.53,都市：商,10000,31,持分移轉,00740000
RPUNMLSJLHIGFFB38CB,市鎮南段,11.02,都市：商,10000,22,持分移轉,00740000
RPQNMLSJLHIGFFB97CB,市鎮南段,2.89,都市：商,100000,124,持分移轉,01200000
RPQNMLSJLHIGFFB97CB,市鎮南段,5.48,都市：商,100000,124,持分移轉,01210000
RPQNMLSJLHIGFFB97CB,市鎮南段,4.36,都市：商,100000,124,持分移轉,01220000
RPWNMLSJLHIGFFB58CB,市鎮南段,11.02,都市：商,10000,22,持分移轉,00740000
RPXNMLSJLHIGFFB68CB,市鎮南段,15.53,都市：商,10000,31,持分移轉,00740000
RPPNMLSJLHIGFKB38CB,忠和段,25.92,都市：住,10000,238,持分移轉,01650000
RPPNMLSJLHIGFKB38CB,忠和段,.43,都市：住,10000,238,持分移轉,24570001
RPPNMLSJLHIGFKB38CB,忠和段,.45,都市：住,10000,238,持分移轉,24570002
RPRNMLSJLHIGFKB58CB,龍目井段龍目井小段,26.81,都市：住,100000,2385,持分移轉,00890000
RPRNMLSJLHIGFKB58CB,龍目井段龍目井小段,9.10,都市：住,50,1,持分移轉,00890006
RPVNMLSJLHIGFKB98CB,竹泉段,75.00,都市：住,1,1,全筆移轉,02640023
RPVNMLSJLHIGFKB98CB,竹泉段,21.80,都市：住,20,1,持分移轉,02640024
RPQNMLTJLHIGFKB58CB,龍社段,45.43,都市：住,1,1,全筆移轉,12970001
RPQNMLTJLHIGFKB58CB,龍社段,24.41,都市：住,3009400,244100,持分移轉,13060000
RPRNMLTJLHIGFKB68CB,永順段,19.95,非都市：鄉村區 ; 非都市編定：乙種建築用地,100000,5063,持分移轉,06750000
RPRNMLTJLHIGFKB68CB,永順段,1.69,非都市：鄉村區 ; 非都市編定：乙種建築用地,84600,71,持分移轉,06760000
RPPNMLTJLHIGFFB97CB,國昌段,23.30,都市：住,47023,2330,持分移轉,02330014
RPPNMLTJLHIGFFB97CB,國昌段,43.30,都市：住,1,1,全筆移轉,02330025
RPQNMLSJLHIGFKB48CB,龍目井段龍目井小段,26.81,都市：住,100000,2385,持分移轉,00890000
RPQNMLSJLHIGFKB48CB,龍目井段龍目井小段,9.10,都市：住,50,1,持分移轉,00890006
RPPNMLTJLHIGFAB47CB,泉源段,8.00,都市：商,100000,68,持分移轉,00150000
RPQNMLTJLHIGFAB57CB,下橋子頭段,7.20,都市：住,100000,320,持分移轉,01940006
RPQNMLTJLHIGFAB57CB,下橋子頭段,14.07,都市：住,100000,320,持分移轉,01940007
RPQNMLTJLHIGFBB67CB,平田段,21.56,都市：住,100000,900,持分移轉,09580000
RPQNMLTJLHIGFBB67CB,仁平段,1.54,都市：住,100000,900,持分移轉,03800000
RPQNMLTJLHIGFFB08CB,市鎮南段,8.01,都市：商,10000,16,持分移轉,00740000
RPRNMLTJLHIGFBB77CB,仁平段,60.22,都市：住,100000,1261,持分移轉,02660000
RPSNMLTJLHIGFBB87CB,仁平段,53.63,都市：住,100000,1123,持分移轉,02660000
RPTNMLTJLHIGFBB97CB,仁平段,53.78,都市：住,100000,1126,持分移轉,02660000
RPUNMLTJLHIGFBB08CB,乾溝子段,43.40,都市：商,10000,68,持分移轉,01700000
RPWNMLTJLHIGFBB28CB,軍福段,16.62,都市：商,100000,411,持分移轉,01460000
RPVNMLTJLHIGFBB18CB,賴厝廍段,3.59,都市：住,100000,200,持分移轉,00860004
RPVNMLTJLHIGFBB18CB,賴厝廍段,1.92,都市：住,100000,200,持分移轉,00860085
RPOOMLTJLHIGFBB57CB,倡和段,11.18,都市：商,100000,552,持分移轉,01820000
RPXNMLTJLHIGFBB38CB,倡和段,12.84,都市：商,100000,634,持分移轉,01820000
RPPNMLTJLHIGFCB67CB,惠來厝段,2.58,都市：住,100000,392,持分移轉,03050000
RPPNMLTJLHIGFCB67CB,惠來厝段,8.70,都市：住,100000,392,持分移轉,03110000
RPPNMLTJLHIGFCB67CB,惠來厝段,10.98,都市：住,100000,392,持分移轉,03140000
RPPNMLTJLHIGFCB67CB,惠來厝段,.47,都市：住,100000,392,持分移轉,03140003
RPRNMLTJLHIGFCB87CB,惠來厝段,2.58,都市：住,100000,392,持分移轉,03050000
RPRNMLTJLHIGFCB87CB,惠來厝段,8.70,都市：住,100000,392,持分移轉,03110000
RPRNMLTJLHIGFCB87CB,惠來厝段,10.98,都市：住,100000,392,持分移轉,03140000
RPRNMLTJLHIGFCB87CB,惠來厝段,.47,都市：住,100000,392,持分移轉,03140003
RPTNMLTJLHIGFCB08CB,福德段,9.42,都市：住,100000,1076,持分移轉,00370000
RPTNMLTJLHIGFCB08CB,福德段,10.74,都市：住,100000,1076,持分移轉,00420000
RPSNMLTJLHIGFCB97CB,福德段,5.89,都市：住,100000,673,持分移轉,00370000
RPSNMLTJLHIGFCB97CB,福德段,6.72,都市：住,100000,673,持分移轉,00420000
RPQNMLTJLHIGFCB77CB,惠來厝段,1.84,都市：住,100000,280,持分移轉,03050000
RPQNMLTJLHIGFCB77CB,惠來厝段,6.21,都市：住,100000,280,持分移轉,03110000
RPQNMLTJLHIGFCB77CB,惠來厝段,7.84,都市：住,100000,280,持分移轉,03140000
RPQNMLTJLHIGFCB77CB,惠來厝段,.34,都市：住,100000,280,持分移轉,03140003
RPUNMLTJLHIGFCB18CB,福德段,5.89,都市：住,100000,673,持分移轉,00370000
RPUNMLTJLHIGFCB18CB,福德段,6.72,都市：住,100000,673,持分移轉,00420000
RPVNMLTJLHIGFCB28CB,中正段,.19,都市：商,100000,207,持分移轉,02350000
RPVNMLTJLHIGFCB28CB,中正段,9.93,都市：商,100000,207,持分移轉,02280000
RPWNMLTJLHIGFCB38CB,中正段,.19,都市：商,100000,207,持分移轉,02350000
RPWNMLTJLHIGFCB38CB,中正段,9.93,都市：商,100000,207,持分移轉,02280000
RPXNMLTJLHIGFCB48CB,中正段,.19,都市：商,100000,207,持分移轉,02350000
RPXNMLTJLHIGFCB48CB,中正段,9.93,都市：商,100000,207,持分移轉,02280000
RPOOMLTJLHIGFCB67CB,中正段,.18,都市：商,100000,203,持分移轉,02350000
RPOOMLTJLHIGFCB67CB,中正段,9.74,都市：商,100000,203,持分移轉,02280000
RPPOMLTJLHIGFCB77CB,中正段,.18,都市：商,100000,203,持分移轉,02350000
RPPOMLTJLHIGFCB77CB,中正段,9.74,都市：商,100000,203,持分移轉,02280000
RPQOMLTJLHIGFCB87CB,中正段,.19,都市：商,100000,215,持分移轉,02350000
RPQOMLTJLHIGFCB87CB,中正段,10.32,都市：商,100000,215,持分移轉,02280000
RPROMLTJLHIGFCB97CB,中正段,.19,都市：商,100000,215,持分移轉,02350000
RPSOMLTJLHIGFCB08CB,中正段,.18,都市：商,100000,203,持分移轉,02350000
RPROMLTJLHIGFCB97CB,中正段,10.32,都市：商,100000,215,持分移轉,02280000
RPSOMLTJLHIGFCB08CB,中正段,9.74,都市：商,100000,203,持分移轉,02280000
RPUOMLTJLHIGFCB28CB,惠民段,11.49,都市：其他:第六種新市政中心專用區,100000,380,持分移轉,01150000
RPWOMLTJLHIGFCB48CB,惠民段,9.41,都市：其他:第六種新市政中心專用區,100000,311,持分移轉,01150000
RPXOMLTJLHIGFCB58CB,惠民段,9.41,都市：其他:第六種新市政中心專用區,100000,311,持分移轉,01150000
RPVOMLTJLHIGFCB38CB,惠民段,11.49,都市：其他:第六種新市政中心專用區,100000,380,持分移轉,01150000
RPTOMLTJLHIGFCB18CB,惠民段,11.46,都市：其他:第六種新市政中心專用區,100000,379,持分移轉,01150000
RPOPMLTJLHIGFCB77CB,惠民段,13.13,都市：其他:第六種新市政中心專用區,100000,434,持分移轉,01150000
RPPNMLTJLHIGFIB28CB,新高鐵段,17.87,都市：商,100000,127,持分移轉,00310000
RPQNMLTJLHIGFIB38CB,新高鐵段,9.99,都市：商,100000,71,持分移轉,00310000
RPRNMLTJLHIGFIB48CB,新高鐵段,9.99,都市：商,100000,71,持分移轉,00310000
RPSNMLTJLHIGFIB58CB,新高鐵段,14.63,都市：商,100000,104,持分移轉,00310000
RPUNMLTJLHIGFIB78CB,新高鐵段,14.21,都市：商,100000,101,持分移轉,00310000
RPVNMLTJLHIGFIB88CB,新高鐵段,14.77,都市：商,100000,105,持分移轉,00310000
RPWNMLTJLHIGFIB98CB,北新段,24.15,都市：住,10000,38,持分移轉,10540000
RPPNMLTJLHIGFDB77CB,市政段,26.96,都市：住,100000,2536,持分移轉,01170000
RPTNMLTJLHIGFIB68CB,新高鐵段,9.99,都市：商,100000,71,持分移轉,00310000
RPQNMLTJLHIGFDB87CB,市政段,26.96,都市：住,100000,2536,持分移轉,01170000
RPRNMLTJLHIGFDB97CB,后寶段,9.03,非都市：鄉村區 ; 非都市編定：乙種建築用地,100000,404,持分移轉,09070000
RPRNMLTJLHIGFDB97CB,后寶段,4.87,非都市：鄉村區 ; 非都市編定：乙種建築用地,100000,404,持分移轉,09080000
RPRNMLTJLHIGFDB97CB,后寶段,1.34,非都市：鄉村區 ; 非都市編定：乙種建築用地,100000,404,持分移轉,09090000
RPRNMLTJLHIGFDB97CB,后寶段,5.91,非都市：鄉村區 ; 非都市編定：乙種建築用地,100000,404,持分移轉,09100000
RPRNMLTJLHIGFDB97CB,后寶段,1.98,非都市：鄉村區 ; 非都市編定：乙種建築用地,100000,404,持分移轉,09110000
RPQNMLKKLHIGFCB96CB,協仁段,82.37,都市：住,1,1,全筆移轉,01760007
RPQNMLKKLHIGFCB96CB,協仁段,41.14,都市：住,8,1,持分移轉,01760000
RPRNMLKKLHIGFCB07CB,建功段,.75,都市：住,100000,115,持分移轉,00040000
RPRNMLKKLHIGFCB07CB,建功段,2.01,都市：住,100000,115,持分移轉,00050000
RPRNMLKKLHIGFCB07CB,建功段,6.63,都市：住,100000,115,持分移轉,00060000
RPTNMLKKLHIGFBB17CB,碧柳段,9.20,都市：商,100000,96,持分移轉,00020000
RPPNMLTJLHIGFJB38CB,育賢段,23.98,都市：住,100000,409,持分移轉,02100000
RPUNMLKKLHIGFBB27CB,碧柳段,9.00,都市：商,100000,94,持分移轉,00020000
RPOOMLKKLHIGFBB76CB,仁德段,22.71,都市：住,100000,1274,持分移轉,09790000
RPOOMLKKLHIGFBB76CB,仁德段,.04,都市：住,100000,1274,持分移轉,09790001
RPOOMLKKLHIGFBB76CB,仁德段,11.89,都市：住,100000,1274,持分移轉,09810006
RPXNMLKKLHIGFBB57CB,仁德段,22.82,都市：住,100000,1280,持分移轉,09790000
RPXNMLKKLHIGFBB57CB,仁德段,.04,都市：住,100000,1280,持分移轉,09790001
RPXNMLKKLHIGFBB57CB,仁德段,11.94,都市：住,100000,1280,持分移轉,09810006
RPPOMLKKLHIGFBB86CB,仁平段,54.29,都市：住,100000,1876,持分移轉,03900000
RPPNMLKKLHIGFAB66CB,重慶段三小段,9.35,都市：商,1000,21,持分移轉,00200035
RPPNMLKKLHIGFFB17CB,市鎮北段,10.62,都市：商,10000,33,持分移轉,00130001
RPQNMLKKLHIGFAB76CB,下橋子頭段,17.32,都市：住,10000,86,持分移轉,01910011
RPQNMLKKLHIGFFB27CB,市鎮北段,10.62,都市：商,10000,33,持分移轉,00130001
RPPNMLLKLHIGFAB76CB,城隍段五小段,4.80,都市：商,100000,916,持分移轉,00080014
RPPNMLLKLHIGFAB76CB,城隍段五小段,6.55,都市：商,100000,916,持分移轉,00080015
RPPNMLLKLHIGFAB76CB,城隍段五小段,3.80,都市：商,100000,916,持分移轉,00090003
RPPNMLLKLHIGFAB76CB,城隍段六小段,3.10,都市：商,100000,916,持分移轉,00030000
RPPNMLLKLHIGFAB76CB,城隍段六小段,.82,都市：商,100000,916,持分移轉,00030002
RPPNMLLKLHIGFAB76CB,城隍段六小段,.43,都市：商,100000,916,持分移轉,00040000
RPPNMLLKLHIGFAB76CB,城隍段六小段,.12,都市：住,100000,916,持分移轉,00030010
RPRNMLLKLHIGFAB96CB,城隍段五小段,6.38,都市：商,100000,1217,持分移轉,00080014
RPRNMLLKLHIGFAB96CB,城隍段五小段,8.70,都市：商,100000,1217,持分移轉,00080015
RPRNMLLKLHIGFAB96CB,城隍段五小段,5.05,都市：商,100000,1217,持分移轉,00090003
RPRNMLLKLHIGFAB96CB,城隍段六小段,4.11,都市：商,100000,1217,持分移轉,00030000
RPRNMLLKLHIGFAB96CB,城隍段六小段,1.08,都市：商,100000,1217,持分移轉,00030002
RPRNMLLKLHIGFAB96CB,城隍段六小段,.57,都市：商,100000,1217,持分移轉,00040000
RPRNMLLKLHIGFAB96CB,城隍段六小段,.16,都市：住,100000,1217,持分移轉,00030010
RPQNMLLKLHIGFAB86CB,城隍段五小段,4.80,都市：商,100000,916,持分移轉,00080014
RPQNMLLKLHIGFAB86CB,城隍段五小段,6.55,都市：商,100000,916,持分移轉,00080015
RPQNMLLKLHIGFAB86CB,城隍段五小段,3.80,都市：商,100000,916,持分移轉,00090003
RPQNMLLKLHIGFAB86CB,城隍段六小段,3.10,都市：商,100000,916,持分移轉,00030000
RPQNMLLKLHIGFAB86CB,城隍段六小段,.82,都市：商,100000,916,持分移轉,00030002
RPQNMLLKLHIGFAB86CB,城隍段六小段,.43,都市：商,100000,916,持分移轉,00040000
RPQNMLLKLHIGFAB86CB,城隍段六小段,.12,都市：住,100000,916,持分移轉,00030010
RPPNMLLKLHIGFBB86CB,北屯段,17.92,都市：住,10000,48,持分移轉,02140000
RPQNMLLKLHIGFBB96CB,竹興段,42.03,都市：住,100000,904,持分移轉,02420000
RPQNMLLKLHIGFBB96CB,長春段,4.47,都市：住,100000,904,持分移轉,01780000
RPRNMLLKLHIGFBB07CB,竹興段,66.18,都市：住,10000,107,持分移轉,00970000
RPPNMLLKLHIGFDB07CB,市政段,20.70,都市：住,100000,1947,持分移轉,01170000
RPSNMLLKLHIGFDB37CB,市政段,20.66,都市：住,100000,1943,持分移轉,01170000
RPQNMLLKLHIGFDB17CB,市政段,29.08,都市：住,100000,2735,持分移轉,01170000
RPRNMLLKLHIGFDB27CB,市政段,20.66,都市：住,100000,1943,持分移轉,01170000
RPTNMLLKLHIGFDB47CB,市政段,26.88,都市：住,100000,2528,持分移轉,01170000
RPUNMLLKLHIGFDB57CB,市政段,26.96,都市：住,100000,2536,持分移轉,01170000
RPVNMLLKLHIGFDB67CB,市政段,26.88,都市：住,100000,2528,持分移轉,01170000
RPWNMLLKLHIGFDB77CB,神圳段,22.98,都市：住,100000,1615,持分移轉,06430000
RPPNMLMKLHIGFDB17CB,市政段,26.88,都市：住,100000,2528,持分移轉,01170000
RPQNMLLKLHIGFFB47DB,梧棲段,11.17,都市：商,10000,30,持分移轉,27810000
RPQNMLMKLHIGFDB27CB,市政段,26.88,都市：住,100000,2528,持分移轉,01170000
RPPNMLMKLHIGFJB77CB,福平段,13.31,都市：商,100000,561,持分移轉,08730000
RPPNMLMKLHIGFCB07CB,惠順段,7.97,都市：商,100000,331,持分移轉,01190000
RPQNMLMKLHIGFCB17CB,惠順段,5.61,都市：商,100000,233,持分移轉,01190000
RPRNMLMKLHIGFCB27CB,惠順段,7.68,都市：商,100000,319,持分移轉,01190000
RPSNMLMKLHIGFCB37CB,惠順段,7.68,都市：商,100000,319,持分移轉,01190000
RPUNMLMKLHIGFCB57CB,惠順段,5.61,都市：商,100000,233,持分移轉,01190000
RPTNMLMKLHIGFCB47CB,惠順段,7.97,都市：商,100000,331,持分移轉,01190000
RPVNMLMKLHIGFCB67CB,惠民段,11.49,都市：其他:第六種新市政中心專用區,100000,380,持分移轉,01150000
RPWNMLMKLHIGFCB77CB,惠民段,13.13,都市：其他:第六種新市政中心專用區,100000,434,持分移轉,01150000
RPXNMLMKLHIGFCB87CB,寶文段,23.51,都市：住,100000,502,持分移轉,00350002
RPOOMLMKLHIGFCB07CB,寶文段,30.40,都市：住,100000,649,持分移轉,00350002
RPQOMLMKLHIGFCB27CB,惠順段,7.68,都市：商,100000,319,持分移轉,01190000
RPPOMLMKLHIGFCB17CB,寶文段,23.51,都市：住,100000,502,持分移轉,00350002
RPROMLMKLHIGFCB37CB,惠順段,7.68,都市：商,100000,319,持分移轉,01190000
RPPNMLMKLHIGFBB96CB,北屯段,17.92,都市：住,10000,48,持分移轉,02140000
RPPNMLNKLHIGFFB47CB,朝天段,5.01,都市：住,100000,5925,持分移轉,07350000
RPPNMLNKLHIGFFB47CB,朝天段,43.41,都市：住,100000,14346,持分移轉,07350006
RPQNMLNKLHIGFFB57CB,朝天段,5.01,都市：住,100000,5925,持分移轉,07350000
RPQNMLNKLHIGFFB57CB,朝天段,43.41,都市：住,100000,14346,持分移轉,07350006
RPSNMLNKLHIGFFB77CB,楊厝段,105.65,都市：農,1,1,全筆移轉,02830000
RPQNMLNKLHIGFFB57CB,朝天段,31.42,都市：農,9,1,持分移轉,07400000
RPSNMLNKLHIGFFB77CB,楊厝段,.86,都市：農,18,1,持分移轉,02830019
RPRNMLLKLHIGFFB47CB,成衣段,26.85,都市：住,10000,105,持分移轉,00050000
RPPNMLMKLHIGFFB37CB,梧棲段,10.04,都市：商,10000,31,持分移轉,28400000
RPTNMLLKLHIGFFB67CB,成衣段,53.19,都市：住,10000,208,持分移轉,00050000
RPRNMLKKLHIGFFB37CB,市鎮北段,10.62,都市：商,10000,33,持分移轉,00130001
RPRNMLNKLHIGFFB67CB,楊厝段,75.95,都市：農,1,1,全筆移轉,02830008
RPRNMLNKLHIGFFB67CB,楊厝段,.86,都市：農,18,1,持分移轉,02830019
RPRNMLNKLHIGFFB67CB,楊厝段,12.43,都市：農,16,1,持分移轉,02830009
RPSNMLKKLHIGFFB47CB,市鎮北段,14.48,都市：商,10000,45,持分移轉,00130001
RPSNMLLKLHIGFFB57CB,成衣段,53.19,都市：住,10000,208,持分移轉,00050000
RPTNMLNKLHIGFFB87CB,楊厝段,61.27,都市：農,1,1,全筆移轉,02830001
RPTNMLNKLHIGFFB87CB,楊厝段,.86,都市：農,18,1,持分移轉,02830019
RPTNMLNKLHIGFFB87CB,楊厝段,12.43,都市：農,16,1,持分移轉,02830009
RPWNMLNKLHIGFFB18CB,市鎮南段,6.73,都市：商,100000,30,持分移轉,00970000
RPUNMLNKLHIGFFB97CB,楊厝段,74.93,都市：農,1,1,全筆移轉,02830018
RPUNMLNKLHIGFFB97CB,楊厝段,.86,都市：農,18,1,持分移轉,02830019
RPOOMLNKLHIGFFB47CB,市鎮南段,6.01,都市：商,10000,12,持分移轉,00740000
RPPOMLNKLHIGFFB57CB,市鎮南段,6.51,都市：商,10000,13,持分移轉,00740000
RPVNMLNKLHIGFFB08CB,市鎮南段,7.62,都市：商,100000,34,持分移轉,00970000
RPXNMLNKLHIGFFB28CB,市鎮南段,9.42,都市：商,100000,42,持分移轉,00970000
RPTOMLNKLHIGFFB97CB,沙工北段,25.77,都市：住,100000,626,持分移轉,15190000
RPUOMLNKLHIGFFB08CB,沙工北段,19.26,都市：住,100000,468,持分移轉,15190000
RPSOMLNKLHIGFFB87CB,沙工北段,25.77,都市：住,100000,626,持分移轉,15190000
RPVOMLNKLHIGFFB18CB,沙工北段,19.26,都市：住,100000,468,持分移轉,15190000
RPQNMLNKLHIGFAB07CB,樹子腳段,11.25,都市：住,100000,176,持分移轉,06700000
RPQNMLNKLHIGFAB07CB,樹子腳段,11.50,都市：住,100000,176,持分移轉,06750000
RPPNMLNKLHIGFAB96CB,樹子腳段,11.25,都市：住,100000,176,持分移轉,06700000
RPPNMLNKLHIGFAB96CB,樹子腳段,11.50,都市：住,100000,176,持分移轉,06750000
RPRNMLNKLHIGFAB17CB,樹子腳段,11.25,都市：住,100000,176,持分移轉,06700000
RPRNMLNKLHIGFAB17CB,樹子腳段,11.50,都市：住,100000,176,持分移轉,06750000
RPPNMLNKLHIGFKB08DB,仁德段,32.62,都市：農,100000,3243,持分移轉,08780000
RPPNMLNKLHIGFEB37CB,松雅段,19.67,非都市：鄉村區 ; 非都市編定：乙種建築用地,10000,403,持分移轉,00100006
RPPNMLNKLHIGFBB07CB,乾溝子段,21.33,都市：住,100000,1779,持分移轉,01300005
RPQNMLNKLHIGFBB17CB,鑫新平段,.79,都市：住,100000,7995,持分移轉,03010000
RPPNMLNKLHIGFGB57CB,新盛段,29.02,都市：住,100000,829,持分移轉,05480000
RPQNMLNKLHIGFBB17CB,陳平段,25.26,都市：住,100000,7995,持分移轉,03160000
RPQNMLNKLHIGFBB17CB,陳平段,.08,都市：住,100000,7995,持分移轉,28350001
RPQNMLNKLHIGFBB17CB,陳平段,.72,都市：其他:道路用地,100000,7995,持分移轉,28350002
RPQNMLNKLHIGFGB67CB,新盛段,19.81,都市：住,100000,566,持分移轉,05480000
RPPNMLNKLHIGFCB17CB,廣昌段,20.82,都市：住,100000,1508,持分移轉,06560000
RPRNMLNKLHIGFCB37CB,豐業段,24.28,都市：住,100000,981,持分移轉,01340000
RPQNMLNKLHIGFCB27CB,廣昌段,20.44,都市：住,100000,1480,持分移轉,06560000
RPUNMLNKLHIGFCB67CB,建功段,.87,都市：住,100000,133,持分移轉,00040000
RPUNMLNKLHIGFCB67CB,建功段,2.33,都市：住,100000,133,持分移轉,00050000
RPUNMLNKLHIGFCB67CB,建功段,7.67,都市：住,100000,133,持分移轉,00060000
RPSNMLNKLHIGFCB47CB,豐業段,26.64,都市：住,100000,1076,持分移轉,01340000
RPPNMLNKLHIGFJB87CB,育賢段,21.44,都市：住,100000,2268,持分移轉,00770000
RPTNMLNKLHIGFCB57CB,建功段,7.95,都市：住,100000,138,持分移轉,00060000
RPTNMLNKLHIGFCB57CB,建功段,2.41,都市：住,100000,138,持分移轉,00050000
RPTNMLNKLHIGFCB57CB,建功段,.90,都市：住,100000,138,持分移轉,00040000
RPPNMLNKLHIGFIB77CB,萬豐段,70.86,非都市：特定農業區 ; 非都市編定：甲種建築用地,1,1,全筆移轉,03240035
RPPNMLNKLHIGFIB77CB,萬豐段,1.70,非都市：特定農業區 ; 非都市編定：農牧用地,1845000,2244,持分移轉,03200000
RPPNMLNKLHIGFIB77CB,萬豐段,1.17,非都市：特定農業區 ; 非都市編定：水利用地,15750,23,持分移轉,03220000
RPPNMLNKLHIGFIB77CB,萬豐段,24.51,非都市：特定農業區 ; 非都市編定：甲種建築用地,35,1,持分移轉,03240000
RPPNMLNKLHIGFIB77CB,萬豐段,3.29,非都市：特定農業區 ; 非都市編定：甲種建築用地,126000,2783,持分移轉,03240001
RPPNMLNKLHIGFIB77CB,萬豐段,1.15,非都市：特定農業區 ; 非都市編定：農牧用地,74902,115,持分移轉,03380000
RPQNMLNKLHIGFBB27DB,南興段,96.55,都市：住,1,1,全筆移轉,02280020
RPQNMLNKLHIGFBB27DB,南興段,9.45,都市：住,26986,945,持分移轉,02280006
RPQNMLNKLHIGFBB27DB,南興段,.67,都市：住,2806,67,持分移轉,02280015
RPQNMLNKLHIGFBB27DB,南興段,.62,都市：住,1120,62,持分移轉,02280016
RPUNMLNKLHIGFDB77CB,四月段,23.67,非都市：特定農業區 ; 非都市編定：甲種建築用地,100000,933,持分移轉,00480000
RPVNMLNKLHIGFDB87CB,四月段,27.90,非都市：特定農業區 ; 非都市編定：甲種建築用地,100000,1100,持分移轉,00480000
RPPNMLOKLHIGFDB37CB,市政段,20.70,都市：住,100000,1947,持分移轉,01170000
RPPNMLOKLHIGFJB97CB,育賢段,17.00,都市：住,10000,29,持分移轉,02100001
RPSNMLNKLHIGFDB57CB,四月段,23.67,非都市：特定農業區 ; 非都市編定：甲種建築用地,100000,933,持分移轉,00480000
RPRNMLOKLHIGFJB18CB,育賢段,18.18,都市：住,10000,31,持分移轉,02100001
RPQNMLOKLHIGFJB08CB,育賢段,18.18,都市：住,10000,31,持分移轉,02100001
RPPNMLOKLHIGFIB87CB,北新段,18.43,都市：住,10000,29,持分移轉,10540000
RPQNMLOKLHIGFIB97CB,北新段,33.05,都市：住,10000,52,持分移轉,10540000
RPRNMLOKLHIGFIB08CB,北新段,24.15,都市：住,10000,38,持分移轉,10540000
RPSNMLOKLHIGFIB18CB,北新段,33.05,都市：住,10000,52,持分移轉,10540000
RPVNMLOKLHIGFIB48CB,北新段,17.16,都市：住,10000,27,持分移轉,10540000
RPUNMLOKLHIGFIB38CB,北新段,18.43,都市：住,10000,29,持分移轉,10540000
RPTNMLOKLHIGFIB28CB,北新段,21.61,都市：住,10000,34,持分移轉,10540000
RPOOMLOKLHIGFIB87CB,北新段,29.87,都市：住,10000,47,持分移轉,10540000
RPPNMLOKLHIGFCB27CB,協仁段,77.89,都市：住,1,1,全筆移轉,01760001
RPPNMLOKLHIGFCB27CB,協仁段,41.14,都市：住,8,1,持分移轉,01760000
RPXNMLOKLHIGFIB68CB,北新段,17.16,都市：住,10000,27,持分移轉,10540000
RPQNMLOKLHIGFCB37CB,協仁段,78.18,都市：住,1,1,全筆移轉,01760006
RPPOMLOKLHIGFIB97CB,北新段,18.43,都市：住,10000,29,持分移轉,10540000
RPQNMLOKLHIGFCB37CB,協仁段,41.14,都市：住,8,1,持分移轉,01760000
RPWNMLOKLHIGFIB58CB,北新段,11.44,都市：住,10000,18,持分移轉,10540000
RPPNMLOKLHIGFKB08CB,竹泉段,66.00,都市：住,1,1,全筆移轉,02640003
RPPNMLOKLHIGFKB08CB,竹泉段,21.80,都市：住,20,1,持分移轉,02640024
RPQNMLOKLHIGFEB57CB,幼獅段,13.83,非都市：工業區 ; 非都市編定：丁種建築用地,6,1,持分移轉,03120000
RPQNMLOKLHIGFEB57CB,幼獅段,13.67,非都市：工業區 ; 非都市編定：丁種建築用地,6,1,持分移轉,03120001
RPRNMLOKLHIGFEB67CB,幼獅段,13.83,非都市：工業區 ; 非都市編定：丁種建築用地,6,1,持分移轉,03120000
RPRNMLOKLHIGFEB67CB,幼獅段,13.67,非都市：工業區 ; 非都市編定：丁種建築用地,6,1,持分移轉,03120001
RPQNMLOKLHIGFKB18CB,竹泉段,53.00,都市：住,1,1,全筆移轉,02640016
RPQNMLOKLHIGFKB18CB,竹泉段,21.80,都市：住,20,1,持分移轉,02640024
RPPNMLOKLHIGFBB17CB,竹興段,65.57,都市：住,1,1,全筆移轉,00780044
RPPNMLOKLHIGFBB17CB,竹興段,24.74,都市：住,10000,511,持分移轉,00780047
RPPNMLOKLHIGFBB17CB,竹興段,2.62,都市：住,38,1,持分移轉,00780035
RPQNMLOKLHIGFBB27CB,竹興段,61.76,都市：住,1,1,全筆移轉,00780049
RPQNMLOKLHIGFBB27CB,竹興段,28.52,都市：住,10000,589,持分移轉,00780047
RPQNMLOKLHIGFBB27CB,竹興段,2.62,都市：住,38,1,持分移轉,00780035
RPSNMLOKLHIGFBB47CB,邱厝子段,11.96,都市：住,100000,1901,持分移轉,00950002
RPPNMLOKLHIGFGB67CB,高簡段,70.40,都市：住,1,1,全筆移轉,13310025
RPPNMLOKLHIGFGB67CB,高簡段,18.86,都市：住,24,1,持分移轉,13310020
RPRNMLOKLHIGFBB37CB,仁和段,.01,都市：商,10000,28,持分移轉,05130000
RPRNMLOKLHIGFBB37CB,仁和段,.01,都市：商,10000,28,持分移轉,05140000
RPRNMLOKLHIGFBB37CB,仁和段,2.10,都市：商,10000,28,持分移轉,05150000
RPRNMLOKLHIGFBB37CB,仁和段,.04,都市：商,10000,28,持分移轉,05160000
RPRNMLOKLHIGFBB37CB,仁和段,.43,都市：商,10000,28,持分移轉,05170000
RPRNMLOKLHIGFBB37CB,仁和段,.12,都市：商,10000,28,持分移轉,05180000
RPRNMLOKLHIGFBB37CB,仁和段,.03,都市：商,10000,28,持分移轉,05190000
RPRNMLOKLHIGFBB37CB,仁和段,.27,都市：商,10000,28,持分移轉,05200000
RPRNMLOKLHIGFBB37CB,仁和段,.39,都市：商,10000,28,持分移轉,05210000
RPRNMLOKLHIGFBB37CB,仁和段,.34,都市：商,10000,28,持分移轉,05220000
RPRNMLOKLHIGFBB37CB,仁和段,.04,都市：商,10000,28,持分移轉,05220001
RPRNMLOKLHIGFBB37CB,仁和段,6.12,都市：商,10000,28,持分移轉,05240000
RPRNMLOKLHIGFBB37CB,仁和段,2.54,都市：商,10000,28,持分移轉,05260000
RPRNMLOKLHIGFBB37CB,仁和段,1.12,都市：商,10000,28,持分移轉,05270001
RPRNMLOKLHIGFBB37CB,仁和段,2.56,都市：商,10000,28,持分移轉,05280000
RPPNMLOKLHIGFHB77CB,家福段,70.30,都市：住,1,1,全筆移轉,08930001
RPPNMLOKLHIGFAB07CB,頂橋子頭段,15.17,都市：住,10000,36,持分移轉,03750004
RPPNMLOKLHIGFAB07CB,頂橋子頭段,2.48,都市：住,10000,36,持分移轉,03750012
RPPNMLOKLHIGFAB07CB,頂橋子頭段,1.40,都市：住,10000,36,持分移轉,03820000
RPQNMLOKLHIGFAB17CB,頂橋子頭段,15.17,都市：住,10000,36,持分移轉,03750004
RPQNMLOKLHIGFAB17CB,頂橋子頭段,2.48,都市：住,10000,36,持分移轉,03750012
RPQNMLOKLHIGFAB17CB,頂橋子頭段,1.40,都市：住,10000,36,持分移轉,03820000
RPRNMLOKLHIGFAB27CB,頂橋子頭段,14.33,都市：住,10000,34,持分移轉,03750004
RPRNMLOKLHIGFAB27CB,頂橋子頭段,2.35,都市：住,10000,34,持分移轉,03750012
RPRNMLOKLHIGFAB27CB,頂橋子頭段,1.33,都市：住,10000,34,持分移轉,03820000
RPTNMLOKLHIGFAB47CB,頂橋子頭段,15.17,都市：住,10000,36,持分移轉,03750004
RPTNMLOKLHIGFAB47CB,頂橋子頭段,2.48,都市：住,10000,36,持分移轉,03750012
RPTNMLOKLHIGFAB47CB,頂橋子頭段,1.40,都市：住,10000,36,持分移轉,03820000
RPUNMLOKLHIGFAB57CB,頂橋子頭段,14.33,都市：住,10000,34,持分移轉,03750004
RPUNMLOKLHIGFAB57CB,頂橋子頭段,2.35,都市：住,10000,34,持分移轉,03750012
RPUNMLOKLHIGFAB57CB,頂橋子頭段,1.33,都市：住,10000,34,持分移轉,03820000
RPWNMLOKLHIGFAB77CB,頂橋子頭段,15.17,都市：住,10000,36,持分移轉,03750004
RPWNMLOKLHIGFAB77CB,頂橋子頭段,2.48,都市：住,10000,36,持分移轉,03750012
RPWNMLOKLHIGFAB77CB,頂橋子頭段,1.40,都市：住,10000,36,持分移轉,03820000
RPVNMLOKLHIGFAB67CB,頂橋子頭段,14.75,都市：住,10000,35,持分移轉,03750004
RPXNMLOKLHIGFAB87CB,下橋子頭段,8.78,都市：住,100000,390,持分移轉,01940006
RPVNMLOKLHIGFAB67CB,頂橋子頭段,2.42,都市：住,10000,35,持分移轉,03750012
RPXNMLOKLHIGFAB87CB,下橋子頭段,17.15,都市：住,100000,390,持分移轉,01940007
RPVNMLOKLHIGFAB67CB,頂橋子頭段,1.36,都市：住,10000,35,持分移轉,03820000
RPOOMLOKLHIGFAB07CB,下橋子頭段,9.90,都市：住,100000,440,持分移轉,01940006
RPOOMLOKLHIGFAB07CB,下橋子頭段,19.35,都市：住,100000,440,持分移轉,01940007
RPQOMLOKLHIGFAB27CB,下橋子頭段,6.75,都市：住,100000,300,持分移轉,01940006
RPQOMLOKLHIGFAB27CB,下橋子頭段,13.19,都市：住,100000,300,持分移轉,01940007
RPQNMLOKLHIGFFB67CB,南勢段,86.30,都市：住,1,1,全筆移轉,10810008
RPRNMLOKLHIGFFB77CB,南勢段,76.50,都市：住,1,1,全筆移轉,10810038
RPQNMLOKLHIGFFB67CB,南勢段,.69,都市：住,2490000,9450,持分移轉,10470000
RPRNMLOKLHIGFFB77CB,南勢段,.69,都市：住,2490000,9450,持分移轉,10470000
RPQNMLOKLHIGFFB67CB,南勢段,16.98,都市：其他:保護區,8621000,23020,持分移轉,09930000
RPRNMLOKLHIGFFB77CB,南勢段,15.13,都市：其他:保護區,8621000,20511,持分移轉,09930000
RPRNMLOKLHIGFFB77CB,南勢段,4.00,都市：住,145510,400,持分移轉,09420000
RPQNMLOKLHIGFFB67CB,南勢段,4.00,都市：住,145510,400,持分移轉,09420000
RPPOMLOKLHIGFAB17CB,下橋子頭段,6.75,都市：住,100000,300,持分移轉,01940006
RPSNMLOKLHIGFFB87CB,南勢段,126.50,都市：住,1,1,全筆移轉,10820009
RPPOMLOKLHIGFAB17CB,下橋子頭段,13.19,都市：住,100000,300,持分移轉,01940007
RPSNMLOKLHIGFFB87CB,南勢段,.69,都市：住,2490000,9450,持分移轉,10470000
RPSNMLOKLHIGFFB87CB,南勢段,24.52,都市：其他:保護區,8621000,33242,持分移轉,09930000
RPSNMLOKLHIGFFB87CB,南勢段,4.00,都市：住,145510,400,持分移轉,09420000
RPROMLOKLHIGFAB37CB,下橋子頭段,6.75,都市：住,100000,300,持分移轉,01940006
RPROMLOKLHIGFAB37CB,下橋子頭段,13.19,都市：住,100000,300,持分移轉,01940007
RPTNMLOKLHIGFFB97CB,市鎮南段,6.01,都市：商,10000,12,持分移轉,00740000
RPPNMLPKLHIGFFB67CB,庄北段,24.02,都市：住,10000,149,持分移轉,10720000
RPUNMLOKLHIGFFB08CB,市鎮南段,13.02,都市：商,10000,26,持分移轉,00740000
RPRNMLPKLHIGFFB87CB,庄北段,26.27,都市：住,10000,163,持分移轉,10720000
RPPNMLPKLHIGFAB17CB,樹子腳段,11.96,都市：商,100000,496,持分移轉,12110000
RPRNMLPKLHIGFAB37CB,樹子腳段,11.02,都市：商,100000,457,持分移轉,12110000
RPQNMLPKLHIGFAB27CB,樹子腳段,8.82,都市：商,100000,366,持分移轉,12110000
RPSNMLPKLHIGFAB47CB,樹子腳段,13.09,都市：商,100000,543,持分移轉,12110000
RPUNMLPKLHIGFAB67CB,樹子腳段,8.68,都市：商,100000,360,持分移轉,12110000
RPXNMLPKLHIGFAB97CB,樹子腳段,9.14,都市：商,100000,379,持分移轉,12110000
RPWNMLPKLHIGFAB87CB,樹子腳段,11.02,都市：商,100000,457,持分移轉,12110000
RPVNMLPKLHIGFAB77CB,樹子腳段,11.96,都市：商,100000,496,持分移轉,12110000
RPTNMLPKLHIGFAB57CB,樹子腳段,11.96,都市：商,100000,496,持分移轉,12110000
RPOOMLPKLHIGFAB17CB,樹子腳段,9.91,都市：商,100000,411,持分移轉,12110000
RPPOMLPKLHIGFAB27CB,樹子腳段,9.91,都市：商,100000,411,持分移轉,12110000
RPQOMLPKLHIGFAB37CB,樹子腳段,9.91,都市：商,100000,411,持分移轉,12110000
RPSOMLPKLHIGFAB57CB,下橋子頭段,6.75,都市：住,100000,300,持分移轉,01940006
RPSOMLPKLHIGFAB57CB,下橋子頭段,13.19,都市：住,100000,300,持分移轉,01940007
RPTOMLPKLHIGFAB67CB,下橋子頭段,6.75,都市：住,100000,300,持分移轉,01940006
RPTOMLPKLHIGFAB67CB,下橋子頭段,13.19,都市：住,100000,300,持分移轉,01940007
RPVOMLPKLHIGFAB87CB,下橋子頭段,6.75,都市：住,100000,300,持分移轉,01940006
RPVOMLPKLHIGFAB87CB,下橋子頭段,13.19,都市：住,100000,300,持分移轉,01940007
RPROMLPKLHIGFAB47CB,樹子腳段,13.31,都市：商,100000,552,持分移轉,12110000
RPUOMLPKLHIGFAB77CB,下橋子頭段,6.75,都市：住,100000,300,持分移轉,01940006
RPUOMLPKLHIGFAB77CB,下橋子頭段,13.19,都市：住,100000,300,持分移轉,01940007
RPWOMLPKLHIGFAB97CB,下橋子頭段,6.75,都市：住,100000,300,持分移轉,01940006
RPWOMLPKLHIGFAB97CB,下橋子頭段,13.19,都市：住,100000,300,持分移轉,01940007
RPOPMLPKLHIGFAB27CB,公館段,18.71,都市：商,100000,1087,持分移轉,00610115
RPXOMLPKLHIGFAB08CB,公館段,15.82,都市：商,100000,919,持分移轉,00610115
RPPNMLPKLHIGFBB27CB,溝背段,25.31,都市：住,10000,70,持分移轉,01050000
RPQNMLPKLHIGFBB37CB,溝背段,25.67,都市：住,10000,71,持分移轉,01050000
RPRNMLPKLHIGFBB47CB,溝背段,24.59,都市：住,10000,68,持分移轉,01050000
RPSNMLPKLHIGFBB57CB,溝背段,22.78,都市：住,10000,63,持分移轉,01050000
RPTNMLPKLHIGFBB67CB,溝背段,24.59,都市：住,10000,68,持分移轉,01050000
RPVNMLPKLHIGFBB87CB,溝背段,32.91,都市：住,10000,91,持分移轉,01050000
RPUNMLPKLHIGFBB77CB,溝背段,22.78,都市：住,10000,63,持分移轉,01050000
RPWNMLPKLHIGFBB97CB,溝背段,24.59,都市：住,10000,68,持分移轉,01050000
RPXNMLPKLHIGFBB08CB,溝背段,22.06,都市：住,10000,61,持分移轉,01050000
RPROMLPKLHIGFBB57CB,鑫新平段,46.70,都市：住,100000,1858,持分移轉,03280000
RPQNMLPKLHIGFEB67CB,新六分段,25.40,非都市：特定農業區 ; 非都市編定：甲種建築用地,28,1,持分移轉,11940000
RPQNMLPKLHIGFEB67CB,新六分段,1.43,非都市：特定農業區 ; 非都市編定：甲種建築用地,28,1,持分移轉,11940001
RPPNMLPKLHIGFIB08DB,仁美段,46.71,非都市：一般農業區 ; 非都市編定：甲種建築用地,1,1,全筆移轉,13230013
RPPNMLPKLHIGFIB08DB,仁美段,16.06,非都市：一般農業區 ; 非都市編定：甲種建築用地,50,1,持分移轉,13230000
RPPNMLPKLHIGFIB08DB,仁美段,4.29,都市：住,50,1,持分移轉,13240001
RPPNMLPKLHIGFIB08DB,仁美段,1.10,都市：住,50,1,持分移轉,13240004
RPPNMLPKLHIGFIB08DB,仁城段,1.83,非都市：鄉村區 ; 非都市編定：乙種建築用地,50,1,持分移轉,07070000
RPPNMLPKLHIGFIB08DB,仁城段,.09,非都市：鄉村區 ; 非都市編定：乙種建築用地,50,1,持分移轉,07070001
RPOOMLPKLHIGFBB27CB,溝背段,24.59,都市：住,10000,68,持分移轉,01050000
RPPNMLPKLHIGFKB18CB,龍目井段龍目井小段,66.00,都市：住,1,1,全筆移轉,00890012
RPPNMLPKLHIGFKB18CB,龍目井段龍目井小段,9.10,都市：住,50,1,持分移轉,00890006
RPQNMLPKLHIGFKB28CB,龍目井段龍目井小段,64.00,都市：住,1,1,全筆移轉,00890008
RPQNMLPKLHIGFKB28CB,龍目井段龍目井小段,9.10,都市：住,50,1,持分移轉,00890006
RPRNMLPKLHIGFKB38CB,龍社段,44.73,都市：住,1,1,全筆移轉,12970004
RPRNMLPKLHIGFKB38CB,龍社段,24.41,都市：住,3009400,244100,持分移轉,13060000
RPSNMLPKLHIGFKB48CB,龍社段,48.67,都市：住,1,1,全筆移轉,13140000
RPSNMLPKLHIGFKB48CB,龍社段,1.00,都市：住,3009400,10025,持分移轉,13060000
RPQNMLPKLHIGFIB18DB,仁美段,25.06,非都市：一般農業區 ; 非都市編定：甲種建築用地,1,1,全筆移轉,13230021
RPQNMLPKLHIGFIB18DB,仁城段,22.24,非都市：鄉村區 ; 非都市編定：乙種建築用地,1,1,全筆移轉,07070007
RPQNMLPKLHIGFIB18DB,仁美段,16.06,非都市：一般農業區 ; 非都市編定：甲種建築用地,50,1,持分移轉,13230000
RPQNMLPKLHIGFIB18DB,仁美段,4.29,都市：住,50,1,持分移轉,13240001
RPQNMLPKLHIGFIB18DB,仁美段,1.10,都市：住,50,1,持分移轉,13240004
RPQNMLPKLHIGFIB18DB,仁城段,1.83,非都市：鄉村區 ; 非都市編定：乙種建築用地,50,1,持分移轉,07070000
RPQNMLPKLHIGFIB18DB,仁城段,.09,非都市：鄉村區 ; 非都市編定：乙種建築用地,50,1,持分移轉,07070001
RPPNMLPKLHIGFCB37CB,惠國段,14.15,都市：其他:第三種新市政中心專用區,100000,483,持分移轉,00810000
RPPNMLPKLHIGFCB37CB,惠國段,8.91,都市：其他:第三種新市政中心專用區,100000,483,持分移轉,00820000
RPQNMLPKLHIGFCB47CB,保安段,37.19,都市：住,100000,786,持分移轉,04620000
RPRNMLPKLHIGFCB57CB,保安段,37.19,都市：住,100000,786,持分移轉,04620000
RPSNMLPKLHIGFCB67CB,龍富段,83.74,都市：住,1,1,全筆移轉,02460007
RPSNMLPKLHIGFCB67CB,龍富段,34.17,都市：住,1000000,92313,持分移轉,02460015
RPQNMLPKLHIGFIB08CB,新高鐵段,9.99,都市：商,100000,71,持分移轉,00310000
RPRNMLPKLHIGFIB18CB,新高鐵段,14.91,都市：商,100000,106,持分移轉,00310000
RPSNMLPKLHIGFIB28CB,新高鐵段,11.54,都市：商,100000,82,持分移轉,00310000
RPTNMLPKLHIGFIB38CB,新高鐵段,10.13,都市：商,100000,72,持分移轉,00310000
RPPNMLQKLHIGFIB08CB,新高鐵段,17.45,都市：商,100000,124,持分移轉,00310000
RPUNMLPKLHIGFIB48CB,新高鐵段,10.13,都市：商,100000,72,持分移轉,00310000
RPQNMLQKLHIGFIB18CB,新高鐵段,9.99,都市：商,100000,71,持分移轉,00310000
RPRNMLQKLHIGFIB28CB,新高鐵段,9.99,都市：商,100000,71,持分移轉,00310000
RPSNMLQKLHIGFIB38CB,新高鐵段,9.99,都市：商,100000,71,持分移轉,00310000
RPVNMLQKLHIGFIB68CB,新高鐵段,13.93,都市：商,100000,99,持分移轉,00310000
RPUNMLQKLHIGFIB58CB,新高鐵段,9.99,都市：商,100000,71,持分移轉,00310000
RPPNMLQKLHIGFCB47CB,何厝段,7.44,都市：商,100000,135,持分移轉,00870000
RPTNMLQKLHIGFIB48CB,新高鐵段,9.99,都市：商,100000,71,持分移轉,00310000
RPWNMLQKLHIGFIB78CB,新高鐵段,9.99,都市：商,100000,71,持分移轉,00310000
RPQNMLQKLHIGFCB57CB,大進段,.55,都市：住,100000,509,持分移轉,09150001
RPQNMLQKLHIGFCB57CB,大進段,.55,都市：住,100000,509,持分移轉,09150002
RPQNMLQKLHIGFCB57CB,大進段,.55,都市：住,100000,509,持分移轉,09150003
RPQNMLQKLHIGFCB57CB,大進段,.55,都市：住,100000,509,持分移轉,09150004
RPQNMLQKLHIGFCB57CB,大進段,.55,都市：住,100000,509,持分移轉,09150005
RPQNMLQKLHIGFCB57CB,大進段,.55,都市：住,100000,509,持分移轉,09150006
RPQNMLQKLHIGFCB57CB,大進段,.55,都市：住,100000,509,持分移轉,09150007
RPQNMLQKLHIGFCB57CB,大進段,.55,都市：住,100000,509,持分移轉,09150008
RPQNMLQKLHIGFCB57CB,大進段,.55,都市：住,100000,509,持分移轉,09150009
RPQNMLQKLHIGFCB57CB,大進段,.56,都市：住,100000,509,持分移轉,09150010
RPQNMLQKLHIGFCB57CB,大進段,.56,都市：住,100000,509,持分移轉,09150011
RPQNMLQKLHIGFCB57CB,大進段,.32,都市：住,100000,509,持分移轉,09280000
RPQNMLQKLHIGFCB57CB,大進段,.93,都市：住,100000,509,持分移轉,09280005
RPQNMLQKLHIGFCB57CB,大進段,.33,都市：住,100000,509,持分移轉,09300000
RPQNMLQKLHIGFCB57CB,大進段,.33,都市：住,100000,509,持分移轉,09300001
RPQNMLQKLHIGFCB57CB,大進段,.97,都市：住,100000,509,持分移轉,09300002
RPQNMLQKLHIGFCB57CB,大進段,.97,都市：住,100000,509,持分移轉,09300003
RPRNMLQKLHIGFCB67CB,大進段,.58,都市：住,100000,530,持分移轉,09150001
RPRNMLQKLHIGFCB67CB,大進段,.58,都市：住,100000,530,持分移轉,09150002
RPRNMLQKLHIGFCB67CB,大進段,.58,都市：住,100000,530,持分移轉,09150003
RPRNMLQKLHIGFCB67CB,大進段,.58,都市：住,100000,530,持分移轉,09150004
RPRNMLQKLHIGFCB67CB,大進段,.58,都市：住,100000,530,持分移轉,09150005
RPRNMLQKLHIGFCB67CB,大進段,.58,都市：住,100000,530,持分移轉,09150006
RPRNMLQKLHIGFCB67CB,大進段,.58,都市：住,100000,530,持分移轉,09150007
RPRNMLQKLHIGFCB67CB,大進段,.58,都市：住,100000,530,持分移轉,09150008
RPRNMLQKLHIGFCB67CB,大進段,.58,都市：住,100000,530,持分移轉,09150009
RPRNMLQKLHIGFCB67CB,大進段,.58,都市：住,100000,530,持分移轉,09150010
RPRNMLQKLHIGFCB67CB,大進段,.58,都市：住,100000,530,持分移轉,09150011
RPRNMLQKLHIGFCB67CB,大進段,.33,都市：住,100000,530,持分移轉,09280000
RPRNMLQKLHIGFCB67CB,大進段,.97,都市：住,100000,530,持分移轉,09280005
RPRNMLQKLHIGFCB67CB,大進段,.34,都市：住,100000,530,持分移轉,09300000
RPRNMLQKLHIGFCB67CB,大進段,.34,都市：住,100000,530,持分移轉,09300001
RPRNMLQKLHIGFCB67CB,大進段,1.01,都市：住,100000,530,持分移轉,09300002
RPRNMLQKLHIGFCB67CB,大進段,1.01,都市：住,100000,530,持分移轉,09300003
RPSNMLQKLHIGFCB77CB,大進段,.58,都市：住,100000,530,持分移轉,09150001
RPSNMLQKLHIGFCB77CB,大進段,.58,都市：住,100000,530,持分移轉,09150002
RPSNMLQKLHIGFCB77CB,大進段,.58,都市：住,100000,530,持分移轉,09150003
RPSNMLQKLHIGFCB77CB,大進段,.58,都市：住,100000,530,持分移轉,09150004
RPSNMLQKLHIGFCB77CB,大進段,.58,都市：住,100000,530,持分移轉,09150005
RPSNMLQKLHIGFCB77CB,大進段,.58,都市：住,100000,530,持分移轉,09150006
RPSNMLQKLHIGFCB77CB,大進段,.58,都市：住,100000,530,持分移轉,09150007
RPSNMLQKLHIGFCB77CB,大進段,.58,都市：住,100000,530,持分移轉,09150008
RPSNMLQKLHIGFCB77CB,大進段,.58,都市：住,100000,530,持分移轉,09150009
RPSNMLQKLHIGFCB77CB,大進段,.58,都市：住,100000,530,持分移轉,09150010
RPSNMLQKLHIGFCB77CB,大進段,.58,都市：住,100000,530,持分移轉,09150011
RPSNMLQKLHIGFCB77CB,大進段,.33,都市：住,100000,530,持分移轉,09280000
RPSNMLQKLHIGFCB77CB,大進段,.97,都市：住,100000,530,持分移轉,09280005
RPSNMLQKLHIGFCB77CB,大進段,.34,都市：住,100000,530,持分移轉,09300000
RPSNMLQKLHIGFCB77CB,大進段,.34,都市：住,100000,530,持分移轉,09300001
RPUNMLQKLHIGFCB97CB,福德段,8.01,都市：住,100000,915,持分移轉,00370000
RPSNMLQKLHIGFCB77CB,大進段,1.01,都市：住,100000,530,持分移轉,09300002
RPUNMLQKLHIGFCB97CB,福德段,9.14,都市：住,100000,915,持分移轉,00420000
RPSNMLQKLHIGFCB77CB,大進段,1.01,都市：住,100000,530,持分移轉,09300003
RPTNMLQKLHIGFCB87CB,大進段,.58,都市：住,100000,530,持分移轉,09150001
RPTNMLQKLHIGFCB87CB,大進段,.58,都市：住,100000,530,持分移轉,09150002
RPPNMLQKLHIGFJB18CB,育賢段,19.52,都市：住,100000,333,持分移轉,02100000
RPTNMLQKLHIGFCB87CB,大進段,.58,都市：住,100000,530,持分移轉,09150003
RPTNMLQKLHIGFCB87CB,大進段,.58,都市：住,100000,530,持分移轉,09150004
RPTNMLQKLHIGFCB87CB,大進段,.58,都市：住,100000,530,持分移轉,09150005
RPTNMLQKLHIGFCB87CB,大進段,.58,都市：住,100000,530,持分移轉,09150006
RPTNMLQKLHIGFCB87CB,大進段,.58,都市：住,100000,530,持分移轉,09150007
RPTNMLQKLHIGFCB87CB,大進段,.58,都市：住,100000,530,持分移轉,09150008
RPTNMLQKLHIGFCB87CB,大進段,.58,都市：住,100000,530,持分移轉,09150009
RPTNMLQKLHIGFCB87CB,大進段,.58,都市：住,100000,530,持分移轉,09150010
RPTNMLQKLHIGFCB87CB,大進段,.58,都市：住,100000,530,持分移轉,09150011
RPTNMLQKLHIGFCB87CB,大進段,.33,都市：住,100000,530,持分移轉,09280000
RPVNMLQKLHIGFCB08CB,逢大段,17.47,都市：其他:第二種創新研發專用區,100000,712,持分移轉,00350000
RPTNMLQKLHIGFCB87CB,大進段,.97,都市：住,100000,530,持分移轉,09280005
RPTNMLQKLHIGFCB87CB,大進段,.34,都市：住,100000,530,持分移轉,09300000
RPTNMLQKLHIGFCB87CB,大進段,.34,都市：住,100000,530,持分移轉,09300001
RPTNMLQKLHIGFCB87CB,大進段,1.01,都市：住,100000,530,持分移轉,09300002
RPTNMLQKLHIGFCB87CB,大進段,1.01,都市：住,100000,530,持分移轉,09300003
RPQNMLQKLHIGFJB28CB,育賢段,25.74,都市：住,100000,439,持分移轉,02100000
RPQNMLQKLHIGFDB67CB,市政段,20.66,都市：住,100000,1943,持分移轉,01170000
RPRNMLQKLHIGFDB77CB,市政段,20.70,都市：住,100000,1947,持分移轉,01170000
RPPNMLQKLHIGFDB57CB,后寶段,8.67,非都市：鄉村區 ; 非都市編定：乙種建築用地,100000,388,持分移轉,09070000
RPPNMLQKLHIGFDB57CB,后寶段,4.68,非都市：鄉村區 ; 非都市編定：乙種建築用地,100000,388,持分移轉,09080000
RPPNMLQKLHIGFDB57CB,后寶段,1.28,非都市：鄉村區 ; 非都市編定：乙種建築用地,100000,388,持分移轉,09090000
RPPNMLQKLHIGFDB57CB,后寶段,5.68,非都市：鄉村區 ; 非都市編定：乙種建築用地,100000,388,持分移轉,09100000
RPPNMLQKLHIGFDB57CB,后寶段,1.90,非都市：鄉村區 ; 非都市編定：乙種建築用地,100000,388,持分移轉,09110000
RPPNMLQKLHIGFGB87CB,大南段大南小段,20.45,非都市：鄉村區 ; 非都市編定：乙種建築用地,100000,2880,持分移轉,02030461
RPTNMLQKLHIGFKB68CB,竹泉段,7.09,都市：住,10000,318,持分移轉,01860006
RPTNMLQKLHIGFKB68CB,竹泉段,.73,都市：商,10000,318,持分移轉,01860011
RPTNMLQKLHIGFKB68CB,竹泉段,24.52,都市：住,10000,318,持分移轉,01900000
RPQNMLQKLHIGFKB38CB,竹泉段,6.96,都市：住,10000,312,持分移轉,01860006
RPQNMLQKLHIGFKB38CB,竹泉段,.72,都市：商,10000,312,持分移轉,01860011
RPQNMLQKLHIGFKB38CB,竹泉段,24.06,都市：住,10000,312,持分移轉,01900000
RPQNMLQKLHIGFEB77CB,賢仁段,25.08,都市：住,100000,1828,持分移轉,00390000
RPRNMLQKLHIGFEB87CB,賢仁段,25.08,都市：住,100000,1828,持分移轉,00390000
RPQNMLQKLHIGFBB47CB,平田段,21.56,都市：住,100000,900,持分移轉,09580000
RPQNMLQKLHIGFBB47CB,仁平段,1.54,都市：住,100000,900,持分移轉,03800000
RPPNMLQKLHIGFBB37CB,平田段,21.56,都市：住,100000,900,持分移轉,09580000
RPPNMLQKLHIGFBB37CB,仁平段,1.54,都市：住,100000,900,持分移轉,03800000
RPRNMLQKLHIGFBB57CB,平田段,21.56,都市：住,100000,900,持分移轉,09580000
RPRNMLQKLHIGFBB57CB,仁平段,1.54,都市：住,100000,900,持分移轉,03800000
RPSNMLQKLHIGFBB67CB,賴厝廍段,3.66,都市：住,100000,204,持分移轉,00860004
RPSNMLQKLHIGFBB67CB,賴厝廍段,1.96,都市：住,100000,204,持分移轉,00860085
RPWNMLQKLHIGFBB08CB,仁平段,86.48,都市：住,10000,487,持分移轉,00750000
RPVNMLQKLHIGFBB97CB,文北段,13.83,都市：住,100000,317,持分移轉,00130000
RPXNMLQKLHIGFBB18CB,仁平段,81.51,都市：住,10000,459,持分移轉,00750000
RPPNMLQKLHIGFAB27CB,泉源段,6.83,都市：商,100000,58,持分移轉,00150000
RPTNMLQKLHIGFBB77CB,賴厝廍段,3.66,都市：住,100000,204,持分移轉,00860004
RPTNMLQKLHIGFBB77CB,賴厝廍段,1.96,都市：住,100000,204,持分移轉,00860085
RPOOMLQKLHIGFBB37CB,仁平段,14.74,都市：住,10000,83,持分移轉,00750000
RPQNMLQKLHIGFAB37CB,泉源段,6.00,都市：商,100000,51,持分移轉,00150000
RPRNMLQKLHIGFAB47CB,泉源段,8.83,都市：商,100000,75,持分移轉,00150000
RPPNMLQKLHIGFFB77CB,新站段,14.75,都市：住,10000,22,持分移轉,00660000
RPQNMLQKLHIGFFB87CB,新站段,22.12,都市：住,10000,33,持分移轉,00660000
RPSNMLQKLHIGFFB08CB,新站段,14.08,都市：住,10000,21,持分移轉,00660000
RPRNMLQKLHIGFFB97CB,新站段,22.12,都市：住,10000,33,持分移轉,00660000
RPTNMLQKLHIGFFB18CB,新站段,24.81,都市：住,10000,37,持分移轉,00660000
RPUNMLQKLHIGFFB28CB,新站段,20.78,都市：住,10000,31,持分移轉,00660000
RPXNMLQKLHIGFFB58CB,新站段,14.75,都市：住,10000,22,持分移轉,00660000
RPPNMLRKLHIGFFB87CB,市鎮南段,2.15,都市：商,100000,92,持分移轉,01200000
RPPNMLRKLHIGFFB87CB,市鎮南段,4.07,都市：商,100000,92,持分移轉,01210000
RPPNMLRKLHIGFFB87CB,市鎮南段,3.23,都市：商,100000,92,持分移轉,01220000
RPWNMLQKLHIGFFB48CB,新站段,14.75,都市：住,10000,22,持分移轉,00660000
RPVNMLQKLHIGFFB38CB,新站段,16.76,都市：住,10000,25,持分移轉,00660000
RPQNMLRKLHIGFFB97CB,市鎮南段,2.26,都市：商,100000,97,持分移轉,01200000
RPQNMLRKLHIGFFB97CB,市鎮南段,4.29,都市：商,100000,97,持分移轉,01210000
RPQNMLRKLHIGFFB97CB,市鎮南段,3.41,都市：商,100000,97,持分移轉,01220000
RPRNMLRKLHIGFFB08CB,市鎮南段,2.96,都市：商,100000,127,持分移轉,01200000
RPRNMLRKLHIGFFB08CB,市鎮南段,5.62,都市：商,100000,127,持分移轉,01210000
RPRNMLRKLHIGFFB08CB,市鎮南段,4.47,都市：商,100000,127,持分移轉,01220000
RPTNMLRKLHIGFFB28CB,市鎮南段,6.50,都市：商,100000,29,持分移轉,00970000
RPVNMLRKLHIGFFB48CB,市鎮南段,6.73,都市：商,100000,30,持分移轉,00970000
RPUNMLRKLHIGFFB38CB,市鎮南段,7.62,都市：商,100000,34,持分移轉,00970000
RPWNMLRKLHIGFFB58CB,市鎮南段,9.42,都市：商,100000,42,持分移轉,00970000
RPSNMLRKLHIGFFB18CB,市鎮南段,2.26,都市：商,100000,97,持分移轉,01200000
RPSNMLRKLHIGFFB18CB,市鎮南段,4.29,都市：商,100000,97,持分移轉,01210000
RPSNMLRKLHIGFFB18CB,市鎮南段,3.41,都市：商,100000,97,持分移轉,01220000
RPXNMLRKLHIGFFB68CB,市鎮南段,7.62,都市：商,100000,34,持分移轉,00970000
RPOOMLRKLHIGFFB87CB,市鎮南段,7.62,都市：商,100000,34,持分移轉,00970000
RPQOMLRKLHIGFFB08CB,鹿寮段,27.83,都市：住,100000,4891,持分移轉,10250006
RPPNMLRKLHIGFAB37CB,下橋子頭段,6.17,都市：住,100000,369,持分移轉,02030000
RPPNMLRKLHIGFAB37CB,下橋子頭段,6.05,都市：商,100000,369,持分移轉,01240053
RPRNMLRKLHIGFAB57CB,復興段六小段,17.32,都市：住,100000,3155,持分移轉,00250000
RPQNMLRKLHIGFAB47CB,復興段六小段,16.55,都市：住,100000,3014,持分移轉,00250000
RPPOMLRKLHIGFFB97CB,鹿寮段,15.47,都市：住,100000,2719,持分移轉,10250006
RPRNMLRKLHIGFBB67CB,美和段,136.65,都市：住,1,1,全筆移轉,02190023
RPSNMLRKLHIGFBB77CB,北屯段,17.92,都市：住,10000,48,持分移轉,02140000
RPPNMLRKLHIGFBB47CB,崇德段,17.53,都市：商,100000,726,持分移轉,03820000
RPPNMLRKLHIGFEB77CB,安農段,95.00,非都市：鄉村區 ; 非都市編定：乙種建築用地,1,1,全筆移轉,09110015
RPRNMLRKLHIGFEB97CB,福東段,27.13,非都市：鄉村區 ; 非都市編定：乙種建築用地,18,1,持分移轉,01280000
RPPNMLRKLHIGFKB38CB,東海段,27.41,都市：住,10000,535,持分移轉,00980055
RPPNMLRKLHIGFDB67CB,舊圳段,17.31,非都市：特定農業區 ; 非都市編定：甲種建築用地,100000,4586,持分移轉,00640000
RPQNMLRKLHIGFKB48CB,東海段,24.23,都市：住,10000,473,持分移轉,00980055
RPSOMLRKLHIGFKB78CB,田水段,60.00,都市：住,1,1,全筆移轉,09310006
RPSOMLRKLHIGFKB78CB,田水段,25.40,都市：住,15,1,持分移轉,09310000
RPSOMLRKLHIGFKB78CB,田水段,4.93,都市：其他:道路用地,15,1,持分移轉,09310001
RPPNMLRKLHIGFCB57CB,台安段,70.47,都市：農,1,1,全筆移轉,02120129
RPPNMLRKLHIGFCB57CB,台安段,42.92,都市：農,77,1,持分移轉,02120000
RPQNMLRKLHIGFCB67CB,台安段,64.57,都市：農,1,1,全筆移轉,02120108
RPQNMLRKLHIGFCB67CB,台安段,42.92,都市：農,77,1,持分移轉,02120000
RPPNMLRKLHIGFIB18CB,德芳段,5.59,都市：住,100000,2337,持分移轉,03220000
RPPNMLRKLHIGFIB18CB,德芳段,.54,都市：住,100000,2337,持分移轉,03220004
RPPNMLRKLHIGFIB18CB,德芳段,22.98,都市：住,100000,2337,持分移轉,03180000
RPPNMLRKLHIGFIB18CB,德芳段,9.49,都市：住,100000,2337,持分移轉,03200000
RPQNMLSKLHIGFIB38CB,健民段,20.45,非都市：鄉村區 ; 非都市編定：乙種建築用地,100000,322,持分移轉,07560000
RPQNMLRKLHIGFFB08DB,鹿寮段,21.81,都市：住,100000,810,持分移轉,08640000
RPPNMLRKLHIGFFB97DB,鹿寮段,19.90,都市：住,100000,739,持分移轉,08640000
RPPNMLSKLHIGFIB28CB,健民段,20.57,非都市：鄉村區 ; 非都市編定：乙種建築用地,100000,324,持分移轉,07560000
RPQNMLSKLHIGFCB77CB,新富段,35.01,都市：住,100000,835,持分移轉,02850000
RPRNMLSKLHIGFCB87CB,新富段,33.75,都市：住,100000,805,持分移轉,02850000
RPQNMLSKLHIGFBB67CB,碧柳段,11.49,都市：商,100000,120,持分移轉,00020000
RPPNMLSKLHIGFBB57CB,碧柳段,11.49,都市：商,100000,120,持分移轉,00020000
RPRNMLSKLHIGFBB77CB,碧柳段,7.38,都市：商,100000,77,持分移轉,00020000
RPPNMLSKLHIGFFB97CB,市鎮北段,13.16,都市：商,10000,44,持分移轉,01280000
RPQNMLSKLHIGFFB08CB,市鎮南段,13.88,都市：商,10000,31,持分移轉,01490000
RPQNMLTKLHIGFFB18CB,興安西段,24.19,都市：住,100000,819,持分移轉,01960000
RPPNMLTKLHIGFBB67CB,碧柳段,11.59,都市：商,100000,121,持分移轉,00020000
RPRNMLSKLHIGFFB18CB,市鎮南段,8.51,都市：商,10000,19,持分移轉,01490000
RPQNMLTKLHIGFBB77CB,碧柳段,7.85,都市：商,100000,82,持分移轉,00020000
RPPNMLKLLHIGFCB96CB,建功段,.80,都市：住,100000,123,持分移轉,00040000
RPPNMLKLLHIGFCB96CB,建功段,2.15,都市：住,100000,123,持分移轉,00050000
RPPNMLKLLHIGFCB96CB,建功段,7.09,都市：住,100000,123,持分移轉,00060000
RPPNMLTKLHIGFCB77CB,田心段,22.53,都市：商,10000,81,持分移轉,05530000
RPQNMLTKLHIGFCB87CB,田心段,16.13,都市：商,10000,58,持分移轉,05530000
RPPNMLKLLHIGFIB57CB,新高鐵段,18.37,都市：商,100000,317,持分移轉,00570000
RPQNMLKLLHIGFIB67CB,新高鐵段,16.05,都市：商,100000,277,持分移轉,00570000
RPRNMLKLLHIGFIB77CB,新高鐵段,11.01,都市：商,100000,190,持分移轉,00570000
RPSNMLKLLHIGFIB87CB,北新段,18.43,都市：住,10000,29,持分移轉,10540000
RPUNMLKLLHIGFIB08CB,北新段,11.44,都市：住,10000,18,持分移轉,10540000
RPTNMLKLLHIGFIB97CB,北新段,11.44,都市：住,10000,18,持分移轉,10540000
RPPNMLKLLHIGFDB07CB,中和東段,21.73,都市：住,100000,990,持分移轉,12000000
RPWNMLKLLHIGFIB28CB,北新段,24.15,都市：住,10000,38,持分移轉,10540000
RPVNMLKLLHIGFIB18CB,北新段,11.44,都市：住,10000,18,持分移轉,10540000
RPQNMLKLLHIGFDB17CB,建國段,56.00,都市：農,1,1,全筆移轉,00690024
RPQNMLKLLHIGFDB17CB,建國段,26.09,都市：農,11,1,持分移轉,00690000
RPRNMLKLLHIGFDB27CB,建國段,58.00,都市：農,1,1,全筆移轉,00690019
RPWNMLKLLHIGFJB38CB,育賢段,26.67,都市：住,10000,42,持分移轉,01840004
RPRNMLKLLHIGFDB27CB,建國段,26.09,都市：農,11,1,持分移轉,00690000
RPXNMLKLLHIGFJB48CB,育賢段,23.45,都市：住,10000,40,持分移轉,02100001
RPPNMLKLLHIGFBB96DB,青萍段,33.55,都市：住,100000,2656,持分移轉,06040000
RPQNMLKLLHIGFBB07DB,南興段,87.59,都市：住,1,1,全筆移轉,02280012
RPQNMLKLLHIGFBB07DB,南興段,11.47,都市：住,1,1,全筆移轉,02280014
RPQNMLKLLHIGFBB07DB,南興段,8.10,都市：住,26986,810,持分移轉,02280006
RPQNMLKLLHIGFBB07DB,南興段,.56,都市：住,2806,56,持分移轉,02280015
RPQNMLKLLHIGFBB07DB,南興段,.62,都市：住,1120,62,持分移轉,02280016
RPPNMLKLLHIGFBB86CB,碧柳段,9.00,都市：商,100000,94,持分移轉,00020000
RPQNMLKLLHIGFBB96CB,松觀段,35.07,都市：住,100000,2432,持分移轉,09960000
RPRNMLKLLHIGFBB07CB,美和段,96.04,都市：住,1,1,全筆移轉,02190015
RPTNMLKLLHIGFBB27CB,仁平段,81.51,都市：住,10000,459,持分移轉,00750000
RPXNMLKLLHIGFBB67CB,竹興段,65.57,都市：住,1,1,全筆移轉,00780043
RPXNMLKLLHIGFBB67CB,竹興段,24.74,都市：住,10000,511,持分移轉,00780047
RPXNMLKLLHIGFBB67CB,竹興段,2.62,都市：住,38,1,持分移轉,00780035
RPSNMLKLLHIGFBB17CB,仁平段,86.48,都市：住,10000,487,持分移轉,00750000
RPPNMLKLLHIGFFB27CB,市鎮南段,8.51,都市：商,10000,17,持分移轉,00740000
RPQNMLKLLHIGFFB37CB,市鎮南段,8.51,都市：商,10000,17,持分移轉,00740000
RPUNMLKLLHIGFBB37CB,仁和段,.01,都市：商,10000,30,持分移轉,05130000
RPUNMLKLLHIGFBB37CB,仁和段,.01,都市：商,10000,30,持分移轉,05140000
RPUNMLKLLHIGFBB37CB,仁和段,2.25,都市：商,10000,30,持分移轉,05150000
RPUNMLKLLHIGFBB37CB,仁和段,.04,都市：商,10000,30,持分移轉,05160000
RPUNMLKLLHIGFBB37CB,仁和段,.46,都市：商,10000,30,持分移轉,05170000
RPUNMLKLLHIGFBB37CB,仁和段,.13,都市：商,10000,30,持分移轉,05180000
RPUNMLKLLHIGFBB37CB,仁和段,.04,都市：商,10000,30,持分移轉,05190000
RPUNMLKLLHIGFBB37CB,仁和段,.28,都市：商,10000,30,持分移轉,05200000
RPUNMLKLLHIGFBB37CB,仁和段,.42,都市：商,10000,30,持分移轉,05210000
RPUNMLKLLHIGFBB37CB,仁和段,.36,都市：商,10000,30,持分移轉,05220000
RPUNMLKLLHIGFBB37CB,仁和段,.05,都市：商,10000,30,持分移轉,05220001
RPUNMLKLLHIGFBB37CB,仁和段,6.56,都市：商,10000,30,持分移轉,05240000
RPUNMLKLLHIGFBB37CB,仁和段,2.72,都市：商,10000,30,持分移轉,05260000
RPUNMLKLLHIGFBB37CB,仁和段,1.20,都市：商,10000,30,持分移轉,05270001
RPUNMLKLLHIGFBB37CB,仁和段,2.74,都市：商,10000,30,持分移轉,05280000
RPRNMLKLLHIGFAB96CB,樹子腳段,9.14,都市：商,100000,379,持分移轉,12110000
RPSNMLKLLHIGFAB07CB,樹子腳段,9.14,都市：商,100000,379,持分移轉,12110000
RPUNMLKLLHIGFAB27CB,樹子腳段,10.90,都市：商,100000,452,持分移轉,12110000
RPTNMLKLLHIGFAB17CB,樹子腳段,9.14,都市：商,100000,379,持分移轉,12110000
RPWNMLKLLHIGFAB47CB,樹子腳段,9.14,都市：商,100000,379,持分移轉,12110000
RPVNMLKLLHIGFAB37CB,樹子腳段,9.14,都市：商,100000,379,持分移轉,12110000
RPXNMLKLLHIGFAB57CB,樹子腳段,9.14,都市：商,100000,379,持分移轉,12110000
RPOOMLKLLHIGFAB76CB,樹子腳段,13.09,都市：商,100000,543,持分移轉,12110000
RPPOMLKLLHIGFAB86CB,樹子腳段,9.14,都市：商,100000,379,持分移轉,12110000
RPQOMLKLLHIGFAB96CB,樹子腳段,10.90,都市：商,100000,452,持分移轉,12110000
RPSOMLKLLHIGFAB17CB,樹子腳段,8.68,都市：商,100000,360,持分移轉,12110000
RPUOMLKLLHIGFAB37CB,樹子腳段,8.82,都市：商,100000,366,持分移轉,12110000
RPWOMLKLLHIGFAB57CB,樹子腳段,8.82,都市：商,100000,366,持分移轉,12110000
RPTOMLKLLHIGFAB27CB,樹子腳段,9.91,都市：商,100000,411,持分移轉,12110000
RPVOMLKLLHIGFAB47CB,樹子腳段,9.14,都市：商,100000,379,持分移轉,12110000
RPPPMLKLLHIGFAB96CB,樹子腳段,9.14,都市：商,100000,379,持分移轉,12110000
RPXOMLKLLHIGFAB67CB,樹子腳段,8.68,都市：商,100000,360,持分移轉,12110000
RPOPMLKLLHIGFAB86CB,樹子腳段,9.14,都市：商,100000,379,持分移轉,12110000
RPVPMLKLLHIGFAB57CB,下橋子頭段,6.75,都市：住,100000,300,持分移轉,01940006
RPVPMLKLLHIGFAB57CB,下橋子頭段,13.19,都市：住,100000,300,持分移轉,01940007
RPRPMLKLLHIGFAB17CB,樹子腳段,13.09,都市：商,100000,543,持分移轉,12110000
RPUPMLKLLHIGFAB47CB,下橋子頭段,7.43,都市：住,100000,330,持分移轉,01940006
RPUPMLKLLHIGFAB47CB,下橋子頭段,14.51,都市：住,100000,330,持分移轉,01940007
RPWPMLKLLHIGFAB67CB,下橋子頭段,6.75,都市：住,100000,300,持分移轉,01940006
RPWPMLKLLHIGFAB67CB,下橋子頭段,13.19,都市：住,100000,300,持分移轉,01940007
RPXPMLKLLHIGFAB77CB,下橋子頭段,6.75,都市：住,100000,300,持分移轉,01940006
RPXPMLKLLHIGFAB77CB,下橋子頭段,13.19,都市：住,100000,300,持分移轉,01940007
RPPNMLKLLHIGFEB17CB,松雅段,16.35,非都市：鄉村區 ; 非都市編定：乙種建築用地,10000,335,持分移轉,00100006
RPQNMLKLLHIGFKB87CB,龍社段,48.31,都市：住,1,1,全筆移轉,13130000
RPQNMLKLLHIGFKB87CB,龍社段,24.41,都市：住,3009400,244100,持分移轉,13060000
RPRNMLKLLHIGFKB97CB,竹泉段,53.00,都市：住,1,1,全筆移轉,02640015
RPRNMLKLLHIGFKB97CB,竹泉段,21.80,都市：住,20,1,持分移轉,02640024
RPSNMLKLLHIGFKB08CB,竹泉段,51.00,都市：住,1,1,全筆移轉,02640001
RPSNMLKLLHIGFKB08CB,竹泉段,21.80,都市：住,20,1,持分移轉,02640024
RPPNMLKLLHIGFKB77CB,龍社段,55.32,都市：住,1,1,全筆移轉,13150000
RPPNMLKLLHIGFKB77CB,龍社段,1.00,都市：住,3009400,10025,持分移轉,13060000
RPTNMLKLLHIGFKB18CB,新庄段,1.71,非都市：鄉村區 ; 非都市編定：乙種建築用地,100000,2270,持分移轉,05830000
RPTNMLKLLHIGFKB18CB,新庄段,1.08,非都市：鄉村區 ; 非都市編定：乙種建築用地,100000,2270,持分移轉,05840000
RPTNMLKLLHIGFKB18CB,新庄段,4.82,非都市：鄉村區 ; 非都市編定：乙種建築用地,100000,2270,持分移轉,05840001
RPTNMLKLLHIGFKB18CB,新庄段,4.80,非都市：鄉村區 ; 非都市編定：乙種建築用地,100000,2270,持分移轉,05840002
RPTNMLKLLHIGFKB18CB,新庄段,2.40,非都市：鄉村區 ; 非都市編定：乙種建築用地,100000,2270,持分移轉,05840003
RPTNMLKLLHIGFKB18CB,新庄段,2.40,非都市：鄉村區 ; 非都市編定：乙種建築用地,100000,2270,持分移轉,05840004
RPTNMLKLLHIGFKB18CB,新庄段,4.80,非都市：鄉村區 ; 非都市編定：乙種建築用地,100000,2270,持分移轉,05840005
RPTNMLKLLHIGFKB18CB,新庄段,.34,非都市：鄉村區 ; 非都市編定：乙種建築用地,100000,2270,持分移轉,05840006
RPQNMLLLLHIGFKB97CB,龍田段,70.00,都市：住,1,1,全筆移轉,06740075
RPQNMLLLLHIGFKB97CB,龍田段,18.06,都市：住,16,1,持分移轉,06740071
RPQNMLLLLHIGFKB97CB,龍田段,1.50,都市：住,16,1,持分移轉,06740063
RPRNMLLLLHIGFKB08CB,龍田段,83.00,都市：住,1,1,全筆移轉,06740074
RPUNMLKLLHIGFKB28CB,永順段,19.28,非都市：鄉村區 ; 非都市編定：乙種建築用地,100000,4893,持分移轉,06750000
RPUNMLKLLHIGFKB28CB,永順段,1.62,非都市：鄉村區 ; 非都市編定：乙種建築用地,84600,68,持分移轉,06760000
RPRNMLLLLHIGFKB08CB,龍田段,1.50,都市：住,16,1,持分移轉,06740063
RPRNMLLLLHIGFKB08CB,龍田段,18.06,都市：住,16,1,持分移轉,06740071
RPTNMLLLLHIGFKB28CB,龍崗段,25.17,都市：住,100000,1978,持分移轉,07640000
RPUNMLLLLHIGFKB38CB,龍崗段,25.12,都市：住,100000,1974,持分移轉,07640000
RPVNMLLLLHIGFKB48CB,龍崗段,34.38,都市：住,100000,2702,持分移轉,07640000
RPWNMLLLLHIGFKB58CB,龍崗段,25.54,都市：住,100000,2007,持分移轉,07640000
RPPOMLLLLHIGFKB97CB,龍崗段,34.61,都市：住,100000,2720,持分移轉,07640000
RPOOMLLLLHIGFKB87CB,龍崗段,25.34,都市：住,100000,1992,持分移轉,07640000
RPXNMLLLLHIGFKB68CB,龍崗段,25.17,都市：住,100000,1978,持分移轉,07640000
RPRNMLLLLHIGFAB07CB,樹子腳段,11.96,都市：商,100000,496,持分移轉,12110000
RPQNMLLLLHIGFAB96CB,樹子腳段,10.90,都市：商,100000,452,持分移轉,12110000
RPPNMLLLLHIGFAB86CB,重慶段三小段,9.35,都市：商,1000,21,持分移轉,00200035
RPSNMLLLLHIGFAB17CB,重慶段三小段,10.68,都市：商,10000,240,持分移轉,00200035
RPTNMLLLLHIGFAB27CB,後壠子段,7.46,都市：住,100000,6267,持分移轉,01780119
RPTNMLLLLHIGFAB27CB,後壠子段,7.27,都市：住,100000,6267,持分移轉,01780120
RPTNMLLLLHIGFAB27CB,後壠子段,7.52,都市：住,100000,6267,持分移轉,01780121
RPPNMLLLLHIGFFB37CB,公館南段,57.70,都市：其他:農建地,1,1,全筆移轉,08070004
RPPNMLLLLHIGFFB37CB,公館南段,4.93,都市：其他:農建地,30,1,持分移轉,08070034
RPPNMLLLLHIGFFB37CB,公館南段,4.35,都市：其他:農建地,30,1,持分移轉,08070031
RPPNMLLLLHIGFFB37CB,公館南段,.08,都市：其他:農建地,30,1,持分移轉,08070035
RPPNMLLLLHIGFFB37CB,公館南段,17.44,都市：其他:農建地,26,1,持分移轉,08070015
RPUNMLLLLHIGFAB37CB,樹子腳段,11.25,都市：住,100000,176,持分移轉,06700000
RPUNMLLLLHIGFAB37CB,樹子腳段,11.50,都市：住,100000,176,持分移轉,06750000
RPQNMLLLLHIGFFB47CB,梧棲段,15.87,都市：商,10000,49,持分移轉,28400000
RPUNMLLLLHIGFFB87CB,市鎮南段,11.02,都市：商,10000,22,持分移轉,00740000
RPRNMLLLLHIGFFB57CB,公館南段,87.95,都市：其他:農建地,1,1,全筆移轉,08070032
RPQNMLLLLHIGFBB07CB,乾溝子段,25.13,都市：住,100000,2096,持分移轉,01300005
RPRNMLLLLHIGFFB57CB,公館南段,4.35,都市：其他:農建地,30,1,持分移轉,08070031
RPRNMLLLLHIGFFB57CB,公館南段,4.93,都市：其他:農建地,30,1,持分移轉,08070034
RPRNMLLLLHIGFFB57CB,公館南段,.08,都市：其他:農建地,30,1,持分移轉,08070035
RPTNMLLLLHIGFBB37CB,倡和段,11.18,都市：商,100000,552,持分移轉,01820000
RPRNMLLLLHIGFBB17CB,倡和段,12.84,都市：商,100000,634,持分移轉,01820000
RPSNMLLLLHIGFBB27CB,倡和段,11.18,都市：商,100000,552,持分移轉,01820000
RPUNMLLLLHIGFBB47CB,仁平段,81.51,都市：住,10000,459,持分移轉,00750000
RPVNMLLLLHIGFBB57CB,仁平段,14.92,都市：住,10000,84,持分移轉,00750000
RPXNMLLLLHIGFBB77CB,仁平段,81.51,都市：住,10000,459,持分移轉,00750000
RPWNMLLLLHIGFBB67CB,仁平段,14.74,都市：住,10000,83,持分移轉,00750000
RPRNMLLLLHIGFJB97CB,學億段,29.36,都市：住,10000,156,持分移轉,00380004
RPPNMLLLLHIGFIB67CB,五張犁西段,47.63,都市：農,1,1,全筆移轉,09800050
RPPNMLLLLHIGFIB67CB,五張犁西段,.62,都市：農,100000,661,持分移轉,09800101
RPPNMLLLLHIGFIB67CB,五張犁西段,13.44,都市：農,100000,908,持分移轉,09800106
RPPNMLLLLHIGFIB67CB,五張犁西段,1.69,都市：農,100000,661,持分移轉,09800108
RPQNMLLLLHIGFJB87CB,學億段,27.29,都市：住,10000,145,持分移轉,00380004
RPSNMLLLLHIGFIB97CB,九如段,22.18,都市：住,100000,1557,持分移轉,04430000
RPRNMLLLLHIGFIB87CB,九如段,19.13,都市：住,100000,1343,持分移轉,04430000
RPTNMLLLLHIGFIB08CB,九如段,19.13,都市：住,100000,1343,持分移轉,04430000
RPUNMLLLLHIGFIB18CB,九如段,22.39,都市：住,100000,1572,持分移轉,04430000
RPVNMLLLLHIGFIB28CB,九如段,26.61,都市：住,100000,1868,持分移轉,04430000
RPWNMLLLLHIGFIB38CB,九如段,22.18,都市：住,100000,1557,持分移轉,04430000
RPOOMLLLLHIGFIB67CB,九如段,22.39,都市：住,100000,1572,持分移轉,04430000
RPQOMLLLLHIGFIB87CB,九如段,28.86,都市：住,100000,2026,持分移轉,04430000
RPROMLLLLHIGFIB97CB,九如段,28.86,都市：住,100000,2026,持分移轉,04430000
RPXNMLLLLHIGFIB48CB,九如段,28.86,都市：住,100000,2026,持分移轉,04430000
RPTOMLLLLHIGFIB18CB,九如段,22.39,都市：住,100000,1572,持分移轉,04430000
RPSOMLLLLHIGFIB08CB,九如段,22.18,都市：住,100000,1557,持分移轉,04430000
RPUOMLLLLHIGFIB28CB,九如段,28.86,都市：住,100000,2026,持分移轉,04430000
RPPOMLLLLHIGFIB77CB,九如段,22.39,都市：住,100000,1572,持分移轉,04430000
RPVOMLLLLHIGFIB38CB,九如段,28.86,都市：住,100000,2026,持分移轉,04430000
RPXOMLLLLHIGFIB58CB,九如段,28.86,都市：住,100000,2026,持分移轉,04430000
RPWOMLLLLHIGFIB48CB,九如段,22.40,都市：住,100000,1573,持分移轉,04430000
RPQNMLLLLHIGFCB17CB,中正段,.19,都市：商,100000,215,持分移轉,02350000
RPQNMLLLLHIGFCB17CB,中正段,10.32,都市：商,100000,215,持分移轉,02280000
RPSNMLLLLHIGFCB37CB,中正段,.19,都市：商,100000,207,持分移轉,02350000
RPSNMLLLLHIGFCB37CB,中正段,9.93,都市：商,100000,207,持分移轉,02280000
RPTNMLLLLHIGFCB47CB,中正段,.18,都市：商,100000,203,持分移轉,02350000
RPTNMLLLLHIGFCB47CB,中正段,9.74,都市：商,100000,203,持分移轉,02280000
RPRNMLLLLHIGFCB27CB,中正段,.19,都市：商,100000,215,持分移轉,02350000
RPRNMLLLLHIGFCB27CB,中正段,10.32,都市：商,100000,215,持分移轉,02280000
RPUNMLLLLHIGFCB57CB,中正段,.19,都市：商,100000,215,持分移轉,02350000
RPUNMLLLLHIGFCB57CB,中正段,10.32,都市：商,100000,215,持分移轉,02280000
RPVNMLLLLHIGFCB67CB,中正段,.19,都市：商,100000,207,持分移轉,02350000
RPVNMLLLLHIGFCB67CB,中正段,9.93,都市：商,100000,207,持分移轉,02280000
RPXNMLLLLHIGFCB87CB,中正段,.19,都市：商,100000,207,持分移轉,02350000
RPXNMLLLLHIGFCB87CB,中正段,9.93,都市：商,100000,207,持分移轉,02280000
RPWNMLLLLHIGFCB77CB,中正段,.19,都市：商,100000,207,持分移轉,02350000
RPWNMLLLLHIGFCB77CB,中正段,9.93,都市：商,100000,207,持分移轉,02280000
RPOOMLLLLHIGFCB07CB,福星段,4.45,都市：住,100000,966,持分移轉,02310000
RPOOMLLLLHIGFCB07CB,福星段,5.75,都市：住,100000,966,持分移轉,02340000
RPOOMLLLLHIGFCB07CB,福星段,4.74,都市：住,100000,966,持分移轉,02350000
RPPOMLLLLHIGFCB17CB,福星段,4.45,都市：住,100000,966,持分移轉,02310000
RPPOMLLLLHIGFCB17CB,福星段,5.75,都市：住,100000,966,持分移轉,02340000
RPPOMLLLLHIGFCB17CB,福星段,4.74,都市：住,100000,966,持分移轉,02350000
RPROMLLLLHIGFCB37CB,福星段,5.74,都市：住,100000,1245,持分移轉,02310000
RPROMLLLLHIGFCB37CB,福星段,7.42,都市：住,100000,1245,持分移轉,02340000
RPROMLLLLHIGFCB37CB,福星段,6.11,都市：住,100000,1245,持分移轉,02350000
RPPNMLMLLHIGFCB17CB,西屯段,25.62,都市：住,10000,102,持分移轉,22590000
RPQOMLLLLHIGFCB27CB,福星段,5.74,都市：住,100000,1245,持分移轉,02310000
RPQOMLLLLHIGFCB27CB,福星段,7.42,都市：住,100000,1245,持分移轉,02340000
RPQOMLLLLHIGFCB27CB,福星段,6.11,都市：住,100000,1245,持分移轉,02350000
RPSOMLLLLHIGFCB47CB,福星段,5.73,都市：住,100000,1243,持分移轉,02310000
RPSOMLLLLHIGFCB47CB,福星段,7.40,都市：住,100000,1243,持分移轉,02340000
RPSOMLLLLHIGFCB47CB,福星段,6.10,都市：住,100000,1243,持分移轉,02350000
RPQNMLMLLHIGFCB27CB,西屯段,25.37,都市：住,10000,101,持分移轉,22590000
RPSNMLMLLHIGFCB47CB,寶文段,23.51,都市：住,100000,502,持分移轉,00350002
RPRNMLMLLHIGFCB37CB,寶文段,29.27,都市：住,100000,625,持分移轉,00350002
RPPNMLMLLHIGFIB77CB,大仁段,12.55,都市：商,100000,2611,持分移轉,01880000
RPQNMLMLLHIGFIB87CB,大仁段,12.55,都市：商,100000,2611,持分移轉,01880000
RPPNMLMLLHIGFJB87CB,育賢段,14.82,都市：住,100000,400,持分移轉,02020000
RPRNMLMLLHIGFJB08CB,育賢段,14.82,都市：住,100000,400,持分移轉,02020000
RPQNMLMLLHIGFJB97CB,育賢段,24.82,都市：住,100000,670,持分移轉,02020000
RPTNMLMLLHIGFJB28CB,育賢段,15.19,都市：住,100000,410,持分移轉,02020000
RPSNMLMLLHIGFJB18CB,育賢段,15.19,都市：住,100000,410,持分移轉,02020000
RPPNMLMLLHIGFDB27CB,大社東段,50.66,都市：住,5,1,持分移轉,10030001
RPPNMLMLLHIGFDB27CB,大社東段,132.60,都市：住,1,1,全筆移轉,10030002
RPPNMLMLLHIGFFB57DB,南簡段,45.88,都市：住,10000,649,持分移轉,07940003
RPQNMLMLLHIGFBB17CB,太祥段,20.61,都市：住,100000,1237,持分移轉,01090000
RPQNMLMLLHIGFBB17CB,太祥段,.78,都市：住,100000,1237,持分移轉,01090001
RPPNMLMLLHIGFFB47CB,南勢段,78.30,都市：住,1,1,全筆移轉,10810040
RPPNMLMLLHIGFFB47CB,南勢段,.69,都市：住,2490000,9450,持分移轉,10470000
RPPNMLMLLHIGFFB47CB,南勢段,15.47,都市：其他:保護區,8621000,20972,持分移轉,09930000
RPPNMLMLLHIGFFB47CB,南勢段,4.00,都市：住,145510,400,持分移轉,09420000
RPSNMLMLLHIGFFB77CB,鹿峰西段,26.95,都市：住,1000000,56977,持分移轉,05390000
RPSNMLMLLHIGFFB77CB,鹿峰西段,2.21,都市：住,1000000,56977,持分移轉,05400001
RPSNMLMLLHIGFFB77CB,鹿峰西段,.22,都市：住,64,1,持分移轉,04710001
RPSNMLMLLHIGFFB77CB,鹿峰西段,.44,都市：其他:人行步道,64,1,持分移轉,04710000
RPSNMLMLLHIGFFB77CB,鹿峰西段,14.09,都市：其他:綠地,1,1,全筆移轉,05400002
RPSNMLMLLHIGFFB77CB,鹿峰西段,8.90,都市：其他:綠地,8,1,持分移轉,05400000
RPSNMLMLLHIGFFB77CB,鹿峰西段,4.12,都市：其他:鐵路用地,8,1,持分移轉,05410001
RPQNMLMLLHIGFKB08CB,龍目井段龍目井小段,22.90,都市：住,100000,2037,持分移轉,00890000
RPQNMLMLLHIGFKB08CB,龍目井段龍目井小段,9.10,都市：住,50,1,持分移轉,00890006
RPPNMLMLLHIGFKB97CB,龍目井段龍目井小段,26.81,都市：住,100000,2385,持分移轉,00890000
RPPNMLMLLHIGFKB97CB,龍目井段龍目井小段,9.10,都市：住,50,1,持分移轉,00890006
RPRNMLMLLHIGFKB18CB,龍目井段龍目井小段,23.58,都市：住,100000,2098,持分移轉,00890000
RPRNMLMLLHIGFKB18CB,龍目井段龍目井小段,9.10,都市：住,50,1,持分移轉,00890006
RPPNMLMLLHIGFAB96CB,土庫段,6.55,都市：住,100000,1158,持分移轉,00670062
RPPNMLMLLHIGFAB96CB,土庫段,10.47,都市：商,100000,1158,持分移轉,00670148
RPTNMLMLLHIGFKB38CB,龍崗段,34.61,都市：住,100000,2720,持分移轉,07640000
RPRNMLMLLHIGFBB27CB,太祥段,21.79,都市：住,100000,1308,持分移轉,01090000
RPRNMLMLLHIGFBB27CB,太祥段,.83,都市：住,100000,1308,持分移轉,01090001
RPPNMLMLLHIGFGB57CB,和興段,76.25,都市：住,1,1,全筆移轉,02560026
RPPNMLNLLHIGFKB08CB,中社段,30.06,都市：住,542499,3006,持分移轉,07000000
RPQNMLNLLHIGFKB18CB,中社段,40.70,都市：住,542499,4070,持分移轉,07000000
RPRNMLNLLHIGFKB28CB,中社段,38.38,都市：住,542499,3838,持分移轉,07000000
RPPNMLNLLHIGFAB07CB,樹子腳段,11.25,都市：住,100000,176,持分移轉,06700000
RPPNMLNLLHIGFAB07CB,樹子腳段,11.50,都市：住,100000,176,持分移轉,06750000
RPQNMLNLLHIGFAB17CB,樹子腳段,11.64,都市：住,100000,182,持分移轉,06700000
RPQNMLNLLHIGFAB17CB,樹子腳段,11.89,都市：住,100000,182,持分移轉,06750000
RPSNMLNLLHIGFAB37CB,樹子腳段,11.96,都市：商,100000,496,持分移轉,12110000
RPRNMLNLLHIGFAB27CB,樹子腳段,14.96,都市：住,100000,234,持分移轉,06700000
RPQNMLNLLHIGFFB67CB,市鎮北段,10.30,都市：商,10000,32,持分移轉,00130001
RPRNMLNLLHIGFAB27CB,樹子腳段,15.29,都市：住,100000,234,持分移轉,06750000
RPPNMLNLLHIGFFB57CB,市鎮北段,9.01,都市：商,10000,28,持分移轉,00130001
RPRNMLNLLHIGFFB77CB,市鎮北段,10.62,都市：商,10000,33,持分移轉,00130001
RPPNMLNLLHIGFBB17CB,碧柳段,9.20,都市：商,100000,96,持分移轉,00020000
RPQNMLNLLHIGFBB27CB,碧柳段,9.20,都市：商,100000,96,持分移轉,00020000
RPRNMLNLLHIGFBB37CB,太祥段,96.07,都市：住,1,1,全筆移轉,01610016
RPRNMLNLLHIGFBB37CB,太祥段,17.36,都市：住,100000,12492,持分移轉,01610012
RPTNMLNLLHIGFBB57CB,文北段,16.84,都市：住,100000,386,持分移轉,00130000
RPUNMLNLLHIGFBB67CB,文北段,23.47,都市：住,100000,538,持分移轉,00130000
RPXNMLNLLHIGFBB97CB,環中段,40.50,都市：住,10000,100,持分移轉,03080000
RPOOMLNLLHIGFBB17CB,環中段,51.03,都市：住,10000,126,持分移轉,03080000
RPVNMLNLLHIGFBB77CB,文北段,13.78,都市：住,100000,316,持分移轉,00130000
RPWNMLNLLHIGFBB87CB,倡和段,11.18,都市：商,100000,552,持分移轉,01820000
RPSOMLNLLHIGFBB57CB,環中段,51.03,都市：住,10000,126,持分移轉,03080000
RPTOMLNLLHIGFBB67CB,環中段,51.03,都市：住,10000,126,持分移轉,03080000
RPWOMLNLLHIGFBB97CB,環中段,40.50,都市：住,10000,100,持分移轉,03080000
RPVOMLNLLHIGFBB87CB,環中段,40.50,都市：住,10000,100,持分移轉,03080000
RPUOMLNLLHIGFBB77CB,環中段,40.50,都市：住,10000,100,持分移轉,03080000
RPXOMLNLLHIGFBB08CB,環中段,40.50,都市：住,10000,100,持分移轉,03080000
RPOPMLNLLHIGFBB27CB,環中段,51.03,都市：住,10000,126,持分移轉,03080000
RPQPMLNLLHIGFBB47CB,環中段,51.03,都市：住,10000,126,持分移轉,03080000
RPRPMLNLLHIGFBB57CB,環中段,40.50,都市：住,10000,100,持分移轉,03080000
RPPPMLNLLHIGFBB37CB,環中段,40.50,都市：住,10000,100,持分移轉,03080000
RPPNMLNLLHIGFDB37CB,南陽段,4.20,都市：住,100000,1470,持分移轉,06090000
RPPNMLNLLHIGFDB37CB,南陽段,6.22,都市：住,100000,1470,持分移轉,06110000
RPQNMLNLLHIGFIB97CB,成功嶺段,17.56,都市：住,1000000,8174,持分移轉,03010000
RPQNMLNLLHIGFIB97CB,成功嶺段,4.65,都市：商,1000000,8174,持分移轉,03010002
RPQNMLNLLHIGFIB97CB,成功嶺段,.25,都市：商,1000000,8174,持分移轉,03070000
RPPNMLNLLHIGFIB87CB,新高鐵段,18.37,都市：商,100000,317,持分移轉,00570000
RPRNMLNLLHIGFIB08CB,成功嶺段,17.56,都市：住,1000000,8174,持分移轉,03010000
RPRNMLNLLHIGFIB08CB,成功嶺段,4.65,都市：商,1000000,8174,持分移轉,03010002
RPRNMLNLLHIGFIB08CB,成功嶺段,.25,都市：商,1000000,8174,持分移轉,03070000
RPSNMLNLLHIGFIB18CB,成功嶺段,17.56,都市：住,1000000,8174,持分移轉,03010000
RPSNMLNLLHIGFIB18CB,成功嶺段,4.65,都市：商,1000000,8174,持分移轉,03010002
RPSNMLNLLHIGFIB18CB,成功嶺段,.25,都市：商,1000000,8174,持分移轉,03070000
RPPNMLOLLHIGFCB37CB,永新段,31.92,都市：商,100000,528,持分移轉,00500000
RPSNMLOLLHIGFCB67CB,惠來厝段,2.92,都市：住,100000,444,持分移轉,03050000
RPSNMLOLLHIGFCB67CB,惠來厝段,9.85,都市：住,100000,444,持分移轉,03110000
RPSNMLOLLHIGFCB67CB,惠來厝段,12.44,都市：住,100000,444,持分移轉,03140000
RPSNMLOLLHIGFCB67CB,惠來厝段,.53,都市：住,100000,444,持分移轉,03140003
RPRNMLOLLHIGFCB57CB,惠來厝段,2.96,都市：住,100000,451,持分移轉,03050000
RPRNMLOLLHIGFCB57CB,惠來厝段,10.01,都市：住,100000,451,持分移轉,03110000
RPRNMLOLLHIGFCB57CB,惠來厝段,12.63,都市：住,100000,451,持分移轉,03140000
RPRNMLOLLHIGFCB57CB,惠來厝段,.54,都市：住,100000,451,持分移轉,03140003
RPQNMLOLLHIGFCB47CB,大進段,.96,都市：住,100000,882,持分移轉,09150001
RPQNMLOLLHIGFCB47CB,大進段,.96,都市：住,100000,882,持分移轉,09150002
RPQNMLOLLHIGFCB47CB,大進段,.96,都市：住,100000,882,持分移轉,09150003
RPQNMLOLLHIGFCB47CB,大進段,.96,都市：住,100000,882,持分移轉,09150004
RPQNMLOLLHIGFCB47CB,大進段,.96,都市：住,100000,882,持分移轉,09150005
RPQNMLOLLHIGFCB47CB,大進段,.96,都市：住,100000,882,持分移轉,09150006
RPQNMLOLLHIGFCB47CB,大進段,.96,都市：住,100000,882,持分移轉,09150007
RPQNMLOLLHIGFCB47CB,大進段,.96,都市：住,100000,882,持分移轉,09150008
RPQNMLOLLHIGFCB47CB,大進段,.96,都市：住,100000,882,持分移轉,09150009
RPQNMLOLLHIGFCB47CB,大進段,.97,都市：住,100000,882,持分移轉,09150010
RPQNMLOLLHIGFCB47CB,大進段,.97,都市：住,100000,882,持分移轉,09150011
RPQNMLOLLHIGFCB47CB,大進段,.56,都市：住,100000,882,持分移轉,09280000
RPQNMLOLLHIGFCB47CB,大進段,1.61,都市：住,100000,882,持分移轉,09280005
RPQNMLOLLHIGFCB47CB,大進段,.56,都市：住,100000,882,持分移轉,09300000
RPQNMLOLLHIGFCB47CB,大進段,.56,都市：住,100000,882,持分移轉,09300001
RPQNMLOLLHIGFCB47CB,大進段,1.68,都市：住,100000,882,持分移轉,09300002
RPQNMLOLLHIGFCB47CB,大進段,1.68,都市：住,100000,882,持分移轉,09300003
RPPNMLNLLHIGFCB27CB,福和段,55.39,都市：住,1,1,全筆移轉,01580005
RPPNMLNLLHIGFCB27CB,福和段,30.62,都市：住,10000,1000,持分移轉,01580004
RPTNMLOLLHIGFCB77CB,惠來厝段,1.84,都市：住,100000,280,持分移轉,03050000
RPTNMLOLLHIGFCB77CB,惠來厝段,6.21,都市：住,100000,280,持分移轉,03110000
RPTNMLOLLHIGFCB77CB,惠來厝段,7.84,都市：住,100000,280,持分移轉,03140000
RPTNMLOLLHIGFCB77CB,惠來厝段,.34,都市：住,100000,280,持分移轉,03140003
RPVNMLOLLHIGFCB97CB,惠來厝段,1.71,都市：住,100000,261,持分移轉,03050000
RPVNMLOLLHIGFCB97CB,惠來厝段,5.79,都市：住,100000,261,持分移轉,03110000
RPVNMLOLLHIGFCB97CB,惠來厝段,7.31,都市：住,100000,261,持分移轉,03140000
RPVNMLOLLHIGFCB97CB,惠來厝段,.31,都市：住,100000,261,持分移轉,03140003
RPWNMLOLLHIGFCB08CB,惠來厝段,2.96,都市：住,100000,451,持分移轉,03050000
RPWNMLOLLHIGFCB08CB,惠來厝段,10.01,都市：住,100000,451,持分移轉,03110000
RPWNMLOLLHIGFCB08CB,惠來厝段,12.63,都市：住,100000,451,持分移轉,03140000
RPWNMLOLLHIGFCB08CB,惠來厝段,.54,都市：住,100000,451,持分移轉,03140003
RPUNMLOLLHIGFCB87CB,惠來厝段,1.71,都市：住,100000,261,持分移轉,03050000
RPUNMLOLLHIGFCB87CB,惠來厝段,5.79,都市：住,100000,261,持分移轉,03110000
RPUNMLOLLHIGFCB87CB,惠來厝段,7.31,都市：住,100000,261,持分移轉,03140000
RPUNMLOLLHIGFCB87CB,惠來厝段,.31,都市：住,100000,261,持分移轉,03140003
RPPOMLOLLHIGFCB47CB,惠來厝段,2.58,都市：住,100000,392,持分移轉,03050000
RPPOMLOLLHIGFCB47CB,惠來厝段,8.70,都市：住,100000,392,持分移轉,03110000
RPPOMLOLLHIGFCB47CB,惠來厝段,10.98,都市：住,100000,392,持分移轉,03140000
RPPOMLOLLHIGFCB47CB,惠來厝段,.47,都市：住,100000,392,持分移轉,03140003
RPSOMLOLLHIGFCB77CB,福德段,8.01,都市：住,100000,915,持分移轉,00370000
RPSOMLOLLHIGFCB77CB,福德段,9.14,都市：住,100000,915,持分移轉,00420000
RPOOMLOLLHIGFCB37CB,惠來厝段,2.58,都市：住,100000,392,持分移轉,03050000
RPOOMLOLLHIGFCB37CB,惠來厝段,8.70,都市：住,100000,392,持分移轉,03110000
RPOOMLOLLHIGFCB37CB,惠來厝段,10.98,都市：住,100000,392,持分移轉,03140000
RPOOMLOLLHIGFCB37CB,惠來厝段,.47,都市：住,100000,392,持分移轉,03140003
RPROMLOLLHIGFCB67CB,福德段,8.01,都市：住,100000,915,持分移轉,00370000
RPROMLOLLHIGFCB67CB,福德段,9.14,都市：住,100000,915,持分移轉,00420000
RPTOMLOLLHIGFCB87CB,福德段,5.89,都市：住,100000,673,持分移轉,00370000
RPTOMLOLLHIGFCB87CB,福德段,6.72,都市：住,100000,673,持分移轉,00420000
RPXNMLOLLHIGFCB18CB,惠來厝段,1.84,都市：住,100000,280,持分移轉,03050000
RPXNMLOLLHIGFCB18CB,惠來厝段,6.21,都市：住,100000,280,持分移轉,03110000
RPXNMLOLLHIGFCB18CB,惠來厝段,7.84,都市：住,100000,280,持分移轉,03140000
RPXNMLOLLHIGFCB18CB,惠來厝段,.34,都市：住,100000,280,持分移轉,03140003
RPQOMLOLLHIGFCB57CB,福德段,5.89,都市：住,100000,673,持分移轉,00370000
RPQOMLOLLHIGFCB57CB,福德段,6.72,都市：住,100000,673,持分移轉,00420000
RPUOMLOLLHIGFCB97CB,建功段,.75,都市：住,100000,115,持分移轉,00040000
RPUOMLOLLHIGFCB97CB,建功段,2.01,都市：住,100000,115,持分移轉,00050000
RPUOMLOLLHIGFCB97CB,建功段,6.63,都市：住,100000,115,持分移轉,00060000
RPPNMLOLLHIGFIB97CB,中興段,72.86,都市：住,1,1,全筆移轉,01490012
RPQNMLOLLHIGFIB08CB,溪南西段,24.06,非都市：鄉村區 ; 非都市編定：乙種建築用地,100000,1374,持分移轉,09810000
RPRNMLOLLHIGFIB18CB,大里段,16.74,非都市：特定農業區 ; 非都市編定：甲種建築用地,10000,393,持分移轉,09580035
RPSNMLOLLHIGFIB28CB,大里段,16.74,非都市：特定農業區 ; 非都市編定：甲種建築用地,10000,393,持分移轉,09580035
RPTNMLOLLHIGFIB38CB,大里段,17.93,非都市：特定農業區 ; 非都市編定：甲種建築用地,10000,421,持分移轉,09580035
RPWNMLOLLHIGFIB68CB,大里段,17.93,非都市：特定農業區 ; 非都市編定：甲種建築用地,10000,421,持分移轉,09580035
RPVNMLOLLHIGFIB58CB,大里段,10.05,非都市：特定農業區 ; 非都市編定：甲種建築用地,10000,236,持分移轉,09580035
RPUNMLOLLHIGFIB48CB,溪南西段,23.17,非都市：鄉村區 ; 非都市編定：乙種建築用地,100000,1323,持分移轉,09810000
RPXNMLOLLHIGFIB78CB,新高鐵段,13.93,都市：商,100000,99,持分移轉,00310000
RPOOMLOLLHIGFIB97CB,新高鐵段,15.20,都市：商,100000,108,持分移轉,00310000
RPQOMLOLLHIGFIB18CB,新高鐵段,11.54,都市：商,100000,82,持分移轉,00310000
RPPOMLOLLHIGFIB08CB,新高鐵段,13.93,都市：商,100000,99,持分移轉,00310000
RPTOMLOLLHIGFIB48CB,新高鐵段,10.13,都市：商,100000,72,持分移轉,00310000
RPQNMLOLLHIGFDB57CB,市政段,20.70,都市：住,100000,1947,持分移轉,01170000
RPPNMLOLLHIGFDB47CB,市政段,20.84,都市：住,100000,1960,持分移轉,01170000
RPSOMLOLLHIGFIB38CB,新高鐵段,10.13,都市：商,100000,72,持分移轉,00310000
RPSNMLOLLHIGFDB77CB,神圳段,22.98,都市：住,100000,1615,持分移轉,06430000
RPROMLOLLHIGFIB28CB,新高鐵段,12.10,都市：商,100000,86,持分移轉,00310000
RPTNMLOLLHIGFDB87CB,南村段,14.82,都市：商,100000,223,持分移轉,05460000
RPPNMLOLLHIGFFB77DB,鹿寮段,19.77,都市：住,100000,734,持分移轉,08640000
RPRNMLOLLHIGFDB67CB,神圳段,22.98,都市：住,100000,1615,持分移轉,06430000
RPRNMLOLLHIGFFB97DB,鹿寮段,19.77,都市：住,100000,734,持分移轉,08640000
RPPNMLOLLHIGFJB08CB,育賢段,19.52,都市：住,100000,333,持分移轉,02100000
RPPNMLOLLHIGFBB27CB,敦和段,95.15,都市：住,1,1,全筆移轉,04220003
RPPNMLOLLHIGFBB27CB,敦和段,7.96,都市：住,8,1,持分移轉,04220005
RPPNMLOLLHIGFBB27CB,敦和段,33.60,都市：住,6,1,持分移轉,04220004
RPRNMLOLLHIGFBB47CB,平田段,24.51,都市：住,100000,1023,持分移轉,09580000
RPRNMLOLLHIGFBB47CB,仁平段,1.75,都市：住,100000,1023,持分移轉,03800000
RPSNMLOLLHIGFFB08DB,鹿寮段,19.77,都市：住,100000,734,持分移轉,08640000
RPSNMLOLLHIGFBB57CB,仁平段,53.63,都市：住,100000,1123,持分移轉,02660000
RPQNMLOLLHIGFBB37CB,平田段,21.56,都市：住,100000,900,持分移轉,09580000
RPQNMLOLLHIGFBB37CB,仁平段,1.54,都市：住,100000,900,持分移轉,03800000
RPTNMLOLLHIGFBB67CB,賴厝廍段,3.84,都市：住,100000,214,持分移轉,00860004
RPTNMLOLLHIGFBB67CB,賴厝廍段,2.06,都市：住,100000,214,持分移轉,00860085
RPUNMLOLLHIGFBB77CB,環中段,51.03,都市：住,10000,126,持分移轉,03080000
RPVNMLOLLHIGFBB87CB,環中段,40.50,都市：住,10000,100,持分移轉,03080000
RPWNMLOLLHIGFBB97CB,環中段,51.03,都市：住,10000,126,持分移轉,03080000
RPOOMLOLLHIGFBB27CB,環中段,51.03,都市：住,10000,126,持分移轉,03080000
RPXNMLOLLHIGFBB08CB,環中段,40.50,都市：住,10000,100,持分移轉,03080000
RPPOMLOLLHIGFBB37CB,環中段,51.03,都市：住,10000,126,持分移轉,03080000
RPSOMLOLLHIGFBB67CB,環中段,40.50,都市：住,10000,100,持分移轉,03080000
RPROMLOLLHIGFBB57CB,環中段,40.50,都市：住,10000,100,持分移轉,03080000
RPQOMLOLLHIGFBB47CB,環中段,51.03,都市：住,10000,126,持分移轉,03080000
RPUOMLOLLHIGFBB87CB,環中段,40.50,都市：住,10000,100,持分移轉,03080000
RPPNMLOLLHIGFFB67CB,南簡段,31.78,都市：住,100000,3213,持分移轉,04460002
RPTOMLOLLHIGFBB77CB,環中段,51.03,都市：住,10000,126,持分移轉,03080000
RPQNMLOLLHIGFFB77CB,市鎮南段,9.42,都市：商,100000,42,持分移轉,00970000
RPRNMLOLLHIGFFB87CB,市鎮南段,6.50,都市：商,100000,29,持分移轉,00970000
RPSNMLOLLHIGFFB97CB,市鎮南段,11.21,都市：商,100000,50,持分移轉,00970000
RPTNMLOLLHIGFFB08CB,市鎮南段,9.42,都市：商,100000,42,持分移轉,00970000
RPUNMLOLLHIGFFB18CB,市鎮南段,7.62,都市：商,100000,34,持分移轉,00970000
RPWNMLOLLHIGFFB38CB,市鎮南段,7.62,都市：商,100000,34,持分移轉,00970000
RPVNMLOLLHIGFFB28CB,市鎮南段,9.42,都市：商,100000,42,持分移轉,00970000
RPXNMLOLLHIGFFB48CB,興安西段,20.57,都市：住,10000,45,持分移轉,00880000
RPOOMLOLLHIGFFB67CB,興安西段,22.85,都市：住,10000,50,持分移轉,00880000
RPPOMLOLLHIGFFB77CB,興安西段,20.57,都市：住,10000,45,持分移轉,00880000
RPQOMLOLLHIGFFB87CB,興安西段,31.99,都市：住,10000,70,持分移轉,00880000
RPPNMLOLLHIGFAB17CB,泉源段,8.00,都市：商,100000,68,持分移轉,00150000
RPSOMLOLLHIGFFB08CB,南簡段,31.78,都市：住,100000,3213,持分移轉,04460002
RPQNMLOLLHIGFAB27CB,泉源段,9.53,都市：商,100000,81,持分移轉,00150000
RPRNMLOLLHIGFAB37CB,泉源段,13.54,都市：商,100000,115,持分移轉,00150000
RPSNMLOLLHIGFAB47CB,泉源段,8.59,都市：商,100000,73,持分移轉,00150000
RPPNMLOLLHIGFEB57CB,松雅段,19.37,非都市：鄉村區 ; 非都市編定：乙種建築用地,10000,397,持分移轉,00100006
RPROMLOLLHIGFFB97CB,晉江北段,51.75,都市：住,1,1,全筆移轉,03220016
RPROMLOLLHIGFFB97CB,晉江北段,23.33,都市：住,6,1,持分移轉,03220017
RPPNMLOLLHIGFKB18CB,龍目井段龍目井小段,27.57,都市：住,100000,2453,持分移轉,00890000
RPPNMLOLLHIGFKB18CB,龍目井段龍目井小段,9.10,都市：住,50,1,持分移轉,00890006
RPQNMLOLLHIGFKB28CB,龍目井段龍目井小段,23.58,都市：住,100000,2098,持分移轉,00890000
RPQNMLOLLHIGFKB28CB,龍目井段龍目井小段,9.10,都市：住,50,1,持分移轉,00890006
RPSNMLOLLHIGFEB87CB,松雅段,19.37,非都市：鄉村區 ; 非都市編定：乙種建築用地,10000,397,持分移轉,00100006
RPRNMLOLLHIGFKB38CB,自治段,125.33,都市：住,1,1,全筆移轉,02580035
RPPNMLPLLHIGFKB28CB,忠和段,25.26,都市：住,10000,232,持分移轉,01650000
RPPNMLPLLHIGFKB28CB,忠和段,.42,都市：住,10000,232,持分移轉,24570001
RPPNMLPLLHIGFKB28CB,忠和段,.44,都市：住,10000,232,持分移轉,24570002
RPQNMLPLLHIGFAB37CB,城隍段五小段,6.38,都市：商,100000,1217,持分移轉,00080014
RPQNMLPLLHIGFAB37CB,城隍段五小段,8.70,都市：商,100000,1217,持分移轉,00080015
RPQNMLPLLHIGFAB37CB,城隍段五小段,5.05,都市：商,100000,1217,持分移轉,00090003
RPQNMLPLLHIGFAB37CB,城隍段六小段,4.11,都市：商,100000,1217,持分移轉,00030000
RPQNMLPLLHIGFAB37CB,城隍段六小段,1.08,都市：商,100000,1217,持分移轉,00030002
RPQNMLPLLHIGFAB37CB,城隍段六小段,.57,都市：商,100000,1217,持分移轉,00040000
RPQNMLPLLHIGFAB37CB,城隍段六小段,.16,都市：住,100000,1217,持分移轉,00030010
RPPNMLPLLHIGFAB27CB,城隍段五小段,4.80,都市：商,100000,916,持分移轉,00080014
RPPNMLPLLHIGFAB27CB,城隍段五小段,6.55,都市：商,100000,916,持分移轉,00080015
RPPNMLPLLHIGFAB27CB,城隍段五小段,3.80,都市：商,100000,916,持分移轉,00090003
RPPNMLPLLHIGFAB27CB,城隍段六小段,3.10,都市：商,100000,916,持分移轉,00030000
RPPNMLPLLHIGFAB27CB,城隍段六小段,.82,都市：商,100000,916,持分移轉,00030002
RPPNMLPLLHIGFAB27CB,城隍段六小段,.43,都市：商,100000,916,持分移轉,00040000
RPPNMLPLLHIGFAB27CB,城隍段六小段,.12,都市：住,100000,916,持分移轉,00030010
RPRNMLPLLHIGFAB47CB,平民段八小段,5.66,都市：住,10000,156,持分移轉,00020000
RPRNMLPLLHIGFAB47CB,平民段八小段,12.14,都市：住,10000,156,持分移轉,00020001
RPRNMLPLLHIGFAB47CB,平民段八小段,.14,都市：住,10000,156,持分移轉,00090008
RPQOMLPLLHIGFFB97CB,南簡段,116.00,都市：住,1,1,全筆移轉,05280024
RPSNMLPLLHIGFAB57CB,平民段八小段,5.48,都市：住,10000,151,持分移轉,00020000
RPSNMLPLLHIGFAB57CB,平民段八小段,11.75,都市：住,10000,151,持分移轉,00020001
RPSNMLPLLHIGFAB57CB,平民段八小段,.14,都市：住,10000,151,持分移轉,00090008
RPPNMLPLLHIGFBB37CB,碧柳段,10.06,都市：商,100000,105,持分移轉,00020000
RPSNMLPLLHIGFBB67CB,碧柳段,3.09,都市：住,100000,540,持分移轉,02150000
RPSNMLPLLHIGFBB67CB,碧柳段,3.36,都市：住,100000,540,持分移轉,02160000
RPSNMLPLLHIGFBB67CB,碧柳段,6.71,都市：住,100000,540,持分移轉,02170000
RPSNMLPLLHIGFBB67CB,碧柳段,10.67,都市：住,100000,540,持分移轉,02180000
RPQNMLPLLHIGFBB47CB,碧柳段,2.96,都市：住,100000,518,持分移轉,02150000
RPQNMLPLLHIGFBB47CB,碧柳段,3.22,都市：住,100000,518,持分移轉,02160000
RPQNMLPLLHIGFBB47CB,碧柳段,6.44,都市：住,100000,518,持分移轉,02170000
RPQNMLPLLHIGFBB47CB,碧柳段,10.24,都市：住,100000,518,持分移轉,02180000
RPUNMLPLLHIGFBB87CB,環中段,51.03,都市：住,10000,126,持分移轉,03080000
RPVNMLPLLHIGFBB97CB,環中段,51.03,都市：住,10000,126,持分移轉,03080000
RPTNMLPLLHIGFBB77CB,太祥段,21.79,都市：住,100000,1308,持分移轉,01090000
RPTNMLPLLHIGFBB77CB,太祥段,.83,都市：住,100000,1308,持分移轉,01090001
RPXNMLPLLHIGFBB18CB,環中段,51.03,都市：住,10000,126,持分移轉,03080000
RPWNMLPLLHIGFBB08CB,環中段,40.50,都市：住,10000,100,持分移轉,03080000
RPRNMLPLLHIGFBB57CB,碧柳段,3.07,都市：住,100000,537,持分移轉,02150000
RPOOMLPLLHIGFBB37CB,環中段,40.50,都市：住,10000,100,持分移轉,03080000
RPRNMLPLLHIGFBB57CB,碧柳段,3.34,都市：住,100000,537,持分移轉,02160000
RPRNMLPLLHIGFBB57CB,碧柳段,6.67,都市：住,100000,537,持分移轉,02170000
RPRNMLPLLHIGFBB57CB,碧柳段,10.61,都市：住,100000,537,持分移轉,02180000
RPPOMLPLLHIGFBB47CB,環中段,40.50,都市：住,10000,100,持分移轉,03080000
RPROMLPLLHIGFBB67CB,環中段,40.50,都市：住,10000,100,持分移轉,03080000
RPQOMLPLLHIGFBB57CB,環中段,40.50,都市：住,10000,100,持分移轉,03080000
RPQNMLPLLHIGFHB08CB,自強段,2.25,非都市：特定農業區 ; 非都市編定：甲種建築用地,100000,1581,持分移轉,00310000
RPQNMLPLLHIGFHB08CB,自強段,16.84,非都市：特定農業區 ; 非都市編定：甲種建築用地,100000,1581,持分移轉,00320000
RPQNMLPLLHIGFHB08CB,自強段,2.98,非都市：特定農業區 ; 非都市編定：農牧用地,52,1,持分移轉,00400000
RPSOMLPLLHIGFBB77CB,環中段,40.50,都市：住,10000,100,持分移轉,03080000
RPRNMLPLLHIGFHB18CB,自強段,2.33,非都市：特定農業區 ; 非都市編定：甲種建築用地,100000,1638,持分移轉,00310000
RPRNMLPLLHIGFHB18CB,自強段,17.44,非都市：特定農業區 ; 非都市編定：甲種建築用地,100000,1638,持分移轉,00320000
RPRNMLPLLHIGFHB18CB,自強段,2.98,非都市：特定農業區 ; 非都市編定：農牧用地,52,1,持分移轉,00400000
RPPNMLPLLHIGFCB47CB,逢大段,17.72,都市：其他:第二種創新研發專用區,100000,722,持分移轉,00350000
RPSNMLPLLHIGFHB28CB,自強段,3.33,非都市：特定農業區 ; 非都市編定：甲種建築用地,100000,2342,持分移轉,00310000
RPSNMLPLLHIGFHB28CB,自強段,24.94,非都市：特定農業區 ; 非都市編定：甲種建築用地,100000,2342,持分移轉,00320000
RPSNMLPLLHIGFHB28CB,自強段,2.98,非都市：特定農業區 ; 非都市編定：農牧用地,52,1,持分移轉,00400000
RPPNMLQLLHIGFJB28CB,育賢段,20.62,都市：住,10000,24,持分移轉,02010000
RPRNMLQLLHIGFJB48CB,育賢段,17.19,都市：住,10000,20,持分移轉,02010000
RPQNMLQLLHIGFJB38CB,育賢段,17.19,都市：住,10000,20,持分移轉,02010000
RPPNMLQLLHIGFBB47CB,碧柳段,9.20,都市：商,100000,96,持分移轉,00020000
RPUNMLQLLHIGFBB97CB,環中段,40.50,都市：住,10000,100,持分移轉,03080000
RPRNMLQLLHIGFBB67CB,環中段,40.50,都市：住,10000,100,持分移轉,03080000
RPQNMLQLLHIGFBB57CB,碧柳段,2.93,都市：住,100000,512,持分移轉,02150000
RPQNMLQLLHIGFBB57CB,碧柳段,3.19,都市：住,100000,512,持分移轉,02160000
RPQNMLQLLHIGFBB57CB,碧柳段,6.36,都市：住,100000,512,持分移轉,02170000
RPQNMLQLLHIGFBB57CB,碧柳段,10.12,都市：住,100000,512,持分移轉,02180000
RPVNMLQLLHIGFBB08CB,環中段,40.50,都市：住,10000,100,持分移轉,03080000
RPWNMLQLLHIGFBB18CB,環中段,51.03,都市：住,10000,126,持分移轉,03080000
RPXNMLQLLHIGFBB28CB,環中段,40.50,都市：住,10000,100,持分移轉,03080000
RPOOMLQLLHIGFBB47CB,環中段,51.03,都市：住,10000,126,持分移轉,03080000
RPPOMLQLLHIGFBB57CB,環中段,51.03,都市：住,10000,126,持分移轉,03080000
RPQOMLQLLHIGFBB67CB,環中段,51.03,都市：住,10000,126,持分移轉,03080000
RPTNMLQLLHIGFAB77CB,頂橋子頭段,14.33,都市：住,10000,34,持分移轉,03750004
RPTNMLQLLHIGFAB77CB,頂橋子頭段,2.35,都市：住,10000,34,持分移轉,03750012
RPRNMLQLLHIGFAB57CB,頂橋子頭段,15.17,都市：住,10000,36,持分移轉,03750004
RPTNMLQLLHIGFAB77CB,頂橋子頭段,1.33,都市：住,10000,34,持分移轉,03820000
RPRNMLQLLHIGFAB57CB,頂橋子頭段,2.48,都市：住,10000,36,持分移轉,03750012
RPRNMLQLLHIGFAB57CB,頂橋子頭段,1.40,都市：住,10000,36,持分移轉,03820000
RPUNMLQLLHIGFAB87CB,樹子腳段,10.35,都市：住,10000,41,持分移轉,00230000
RPVNMLQLLHIGFAB97CB,樹子腳段,10.35,都市：住,10000,41,持分移轉,00230000
RPPNMLQLLHIGFAB37CB,頂橋子頭段,14.33,都市：住,10000,34,持分移轉,03750004
RPPNMLQLLHIGFAB37CB,頂橋子頭段,2.35,都市：住,10000,34,持分移轉,03750012
RPPNMLQLLHIGFAB37CB,頂橋子頭段,1.33,都市：住,10000,34,持分移轉,03820000
RPQNMLQLLHIGFAB47CB,頂橋子頭段,15.17,都市：住,10000,36,持分移轉,03750004
RPQNMLQLLHIGFAB47CB,頂橋子頭段,2.48,都市：住,10000,36,持分移轉,03750012
RPQNMLQLLHIGFAB47CB,頂橋子頭段,1.40,都市：住,10000,36,持分移轉,03820000
RPRNMLRLLHIGFAB67CB,樹子腳段,13.92,都市：住,100000,2813,持分移轉,00070000
RPSNMLRLLHIGFAB77CB,樹子腳段,13.92,都市：住,100000,2813,持分移轉,00070000
RPTNMLRLLHIGFAB87CB,頂橋子頭段,15.17,都市：住,10000,36,持分移轉,03750004
RPTNMLRLLHIGFAB87CB,頂橋子頭段,2.48,都市：住,10000,36,持分移轉,03750012
RPTNMLRLLHIGFAB87CB,頂橋子頭段,1.40,都市：住,10000,36,持分移轉,03820000
RPPNMLRLLHIGFFB97CB,民族段,47.00,都市：農,1,1,全筆移轉,01200045
RPPNMLRLLHIGFFB97CB,民族段,17.21,都市：農,24,1,持分移轉,01200067
RPPNMLRLLHIGFFB97CB,民族段,3.92,都市：農,24,1,持分移轉,01200069
RPPNMLRLLHIGFFB97CB,民族段,1.00,都市：農,1,1,全筆移轉,01200046
RPRNMLRLLHIGFFB18CB,沙工北段,24.24,都市：住,100000,589,持分移轉,15190000
RPTNMLRLLHIGFFB38CB,沙工北段,31.69,都市：住,100000,770,持分移轉,15190000
RPQNMLRLLHIGFFB08CB,民族段,54.00,都市：農,1,1,全筆移轉,01200025
RPQNMLRLLHIGFFB08CB,民族段,17.96,都市：農,24,1,持分移轉,01200066
RPQNMLRLLHIGFFB08CB,民族段,7.92,都市：農,24,1,持分移轉,01200068
RPVNMLRLLHIGFFB58CB,沙工北段,31.69,都市：住,100000,770,持分移轉,15190000
RPUNMLRLLHIGFFB48CB,沙工北段,31.69,都市：住,100000,770,持分移轉,15190000
RPWNMLRLLHIGFFB68CB,沙工北段,25.31,都市：住,100000,615,持分移轉,15190000
RPSNMLRLLHIGFFB28CB,沙工北段,24.24,都市：住,100000,589,持分移轉,15190000
RPXNMLRLLHIGFFB78CB,沙工北段,25.31,都市：住,100000,615,持分移轉,15190000
RPOOMLRLLHIGFFB97CB,沙工北段,25.31,都市：住,100000,615,持分移轉,15190000
RPROMLRLLHIGFFB28CB,沙工北段,25.60,都市：住,100000,622,持分移轉,15190000
RPPOMLRLLHIGFFB08CB,沙工北段,25.40,都市：住,100000,617,持分移轉,15190000
RPQOMLRLLHIGFFB18CB,沙工北段,25.77,都市：住,100000,626,持分移轉,15190000
RPUOMLRLLHIGFFB58CB,沙工北段,18.89,都市：住,100000,459,持分移轉,15190000
RPSOMLRLLHIGFFB38CB,沙工北段,19.55,都市：住,100000,475,持分移轉,15190000
RPTOMLRLLHIGFFB48CB,沙工北段,19.55,都市：住,100000,475,持分移轉,15190000
RPVOMLRLLHIGFFB68CB,沙工北段,18.89,都市：住,100000,459,持分移轉,15190000
RPWOMLRLLHIGFFB78CB,沙工北段,18.89,都市：住,100000,459,持分移轉,15190000
RPPNMLRLLHIGFBB57CB,仁平段,86.48,都市：住,10000,487,持分移轉,00750000
RPPNMLRLLHIGFKB48CB,龍田段,57.00,都市：住,1,1,全筆移轉,06740064
RPPNMLRLLHIGFKB48CB,龍田段,1.50,都市：住,16,1,持分移轉,06740063
RPPNMLRLLHIGFKB48CB,龍田段,18.06,都市：住,16,1,持分移轉,06740071
RPQNMLRLLHIGFKB58CB,中社段,38.38,都市：住,542499,3838,持分移轉,07000000
RPPNMLRLLHIGFJB38CB,育賢段,17.19,都市：住,10000,20,持分移轉,02010000
RPRNMLRLLHIGFJB58CB,育賢段,18.08,都市：住,10000,17,持分移轉,01810001
RPQNMLRLLHIGFJB48CB,育賢段,21.48,都市：住,10000,25,持分移轉,02010000
RPSNMLRLLHIGFJB68CB,育賢段,19.14,都市：住,10000,18,持分移轉,01810001
RPUNMLRLLHIGFJB88CB,福平段,13.31,都市：商,100000,561,持分移轉,08730000
RPTNMLRLLHIGFJB78CB,福平段,13.31,都市：商,100000,561,持分移轉,08730000
RPPOMLRLLHIGFJB48CB,新福段,21.60,都市：住,10000,101,持分移轉,00440000
RPOOMLRLLHIGFJB38CB,新福段,21.82,都市：住,10000,102,持分移轉,00440000
RPQOMLRLLHIGFJB58CB,宜欣段,79.00,都市：住,2,1,持分移轉,09220000
RPWNMLRLLHIGFJB09CB,福平段,19.70,都市：商,100000,830,持分移轉,08730000
RPPNMLRLLHIGFFB08DB,梧棲段,14.15,都市：商,10000,38,持分移轉,27810000
RPSNMLRLLHIGFFB38DB,梧棲段,10.05,都市：商,10000,27,持分移轉,27810000
RPUNMLRLLHIGFDB28CB,市政段,20.70,都市：住,100000,1947,持分移轉,01170000
RPRNMLRLLHIGFFB28DB,梧棲段,14.15,都市：商,10000,38,持分移轉,27810000
RPVNMLRLLHIGFDB38CB,福陽段,38.73,都市：住,1,1,全筆移轉,00690020
RPVNMLRLLHIGFDB38CB,福陽段,19.62,都市：住,1000000,99978,持分移轉,00690000
RPVNMLRLLHIGFDB38CB,福陽段,1.48,都市：住,1000000,99978,持分移轉,00690024
RPVNMLRLLHIGFDB38CB,福陽段,1.74,都市：住,1000000,99978,持分移轉,00690025
RPVNMLRLLHIGFDB38CB,福陽段,1.83,都市：住,1000000,99978,持分移轉,00690027
RPVNMLRLLHIGFDB38CB,福陽段,1.66,都市：住,1000000,99978,持分移轉,00690028
RPWNMLRLLHIGFDB48CB,神圳段,23.27,都市：住,100000,1635,持分移轉,06430000
RPQNMLRLLHIGFCB77CB,廣福段,22.00,都市：農,100000,810,持分移轉,03360000
RPRNMLRLLHIGFCB87CB,廣福段,21.53,都市：農,100000,793,持分移轉,03360000
RPPNMLRLLHIGFCB67CB,永新段,61.98,都市：商,100000,4325,持分移轉,00600000
RPTNMLRLLHIGFCB08CB,廣福段,33.29,都市：農,100000,1226,持分移轉,03360000
RPUNMLRLLHIGFCB18CB,廣福段,22.00,都市：農,100000,810,持分移轉,03360000
RPWNMLRLLHIGFCB38CB,廣福段,29.95,都市：農,100000,1103,持分移轉,03360000
RPVNMLRLLHIGFCB28CB,廣福段,19.82,都市：農,100000,730,持分移轉,03360000
RPXNMLRLLHIGFCB48CB,惠順段,7.92,都市：商,100000,329,持分移轉,01190000
RPSNMLRLLHIGFCB97CB,廣福段,22.87,都市：農,100000,842,持分移轉,03360000
RPOOMLRLLHIGFCB67CB,惠順段,7.92,都市：商,100000,329,持分移轉,01190000
RPPOMLRLLHIGFCB77CB,惠順段,5.46,都市：商,100000,227,持分移轉,01190000
RPQOMLRLLHIGFCB87CB,惠順段,5.61,都市：商,100000,233,持分移轉,01190000
RPROMLRLLHIGFCB97CB,惠順段,7.92,都市：商,100000,329,持分移轉,01190000
RPSOMLRLLHIGFCB08CB,惠順段,7.92,都市：商,100000,329,持分移轉,01190000
RPTOMLRLLHIGFCB18CB,惠順段,7.97,都市：商,100000,331,持分移轉,01190000
RPUOMLRLLHIGFCB28CB,廣福段,21.92,都市：農,100000,807,持分移轉,03360000
RPWOMLRLLHIGFCB48CB,廣福段,21.34,都市：農,100000,786,持分移轉,03360000
RPXOMLRLLHIGFCB58CB,廣福段,29.95,都市：住,100000,1103,持分移轉,03360000
RPVOMLRLLHIGFCB38CB,廣福段,29.11,都市：農,100000,1072,持分移轉,03360000
RPQNMLRLLHIGFIB38CB,北新段,23.51,都市：住,10000,37,持分移轉,10540000
RPOPMLRLLHIGFCB77CB,台安段,4.28,都市：農,29,1,持分移轉,02120191
RPOPMLRLLHIGFCB77CB,台安段,63.78,都市：農,29,1,持分移轉,02120008
RPOPMLRLLHIGFCB77CB,台安段,101.51,都市：農,1,1,全筆移轉,02120174
RPSNMLRLLHIGFIB58CB,北新段,11.44,都市：住,10000,18,持分移轉,10540000
RPTNMLRLLHIGFIB68CB,北新段,24.15,都市：住,10000,38,持分移轉,10540000
RPRNMLRLLHIGFIB48CB,北新段,23.51,都市：住,10000,37,持分移轉,10540000
RPVNMLRLLHIGFIB88CB,北新段,18.43,都市：住,10000,29,持分移轉,10540000
RPPNMLSLLHIGFIB38CB,新高鐵段,9.99,都市：商,100000,71,持分移轉,00310000
RPUNMLRLLHIGFIB78CB,北新段,24.15,都市：住,10000,38,持分移轉,10540000
RPRNMLSLLHIGFIB58CB,新高鐵段,13.79,都市：商,100000,98,持分移轉,00310000
RPQNMLSLLHIGFIB48CB,新高鐵段,11.54,都市：商,100000,82,持分移轉,00310000
RPSNMLSLLHIGFIB68CB,新高鐵段,11.54,都市：商,100000,82,持分移轉,00310000
RPPNMLSLLHIGFCB77CB,廣福段,29.33,都市：農,100000,1080,持分移轉,03360000
RPTNMLSLLHIGFIB78CB,新高鐵段,9.99,都市：商,100000,71,持分移轉,00310000
RPUNMLSLLHIGFIB88CB,新高鐵段,10.83,都市：商,100000,77,持分移轉,00310000
RPQNMLSLLHIGFCB87CB,大進段,1.13,都市：住,100000,1040,持分移轉,09150001
RPQNMLSLLHIGFCB87CB,大進段,1.13,都市：住,100000,1040,持分移轉,09150002
RPQNMLSLLHIGFCB87CB,大進段,1.13,都市：住,100000,1040,持分移轉,09150003
RPQNMLSLLHIGFCB87CB,大進段,1.13,都市：住,100000,1040,持分移轉,09150004
RPQNMLSLLHIGFCB87CB,大進段,1.13,都市：住,100000,1040,持分移轉,09150005
RPQNMLSLLHIGFCB87CB,大進段,1.13,都市：住,100000,1040,持分移轉,09150006
RPQNMLSLLHIGFCB87CB,大進段,1.13,都市：住,100000,1040,持分移轉,09150007
RPQNMLSLLHIGFCB87CB,大進段,1.13,都市：住,100000,1040,持分移轉,09150008
RPQNMLSLLHIGFCB87CB,大進段,1.13,都市：住,100000,1040,持分移轉,09150009
RPQNMLSLLHIGFCB87CB,大進段,1.14,都市：住,100000,1040,持分移轉,09150010
RPQNMLSLLHIGFCB87CB,大進段,1.14,都市：住,100000,1040,持分移轉,09150011
RPQNMLSLLHIGFCB87CB,大進段,.66,都市：住,100000,1040,持分移轉,09280000
RPQNMLSLLHIGFCB87CB,大進段,1.90,都市：住,100000,1040,持分移轉,09280005
RPQNMLSLLHIGFCB87CB,大進段,.67,都市：住,100000,1040,持分移轉,09300000
RPQNMLSLLHIGFCB87CB,大進段,.67,都市：住,100000,1040,持分移轉,09300001
RPQNMLSLLHIGFCB87CB,大進段,1.99,都市：住,100000,1040,持分移轉,09300002
RPQNMLSLLHIGFCB87CB,大進段,1.99,都市：住,100000,1040,持分移轉,09300003
RPRNMLSLLHIGFCB97CB,大進段,.58,都市：住,100000,530,持分移轉,09150001
RPTNMLSLLHIGFCB18CB,廣福段,27.59,都市：農,100000,1016,持分移轉,03360000
RPRNMLSLLHIGFCB97CB,大進段,.58,都市：住,100000,530,持分移轉,09150002
RPRNMLSLLHIGFCB97CB,大進段,.58,都市：住,100000,530,持分移轉,09150003
RPRNMLSLLHIGFCB97CB,大進段,.58,都市：住,100000,530,持分移轉,09150004
RPRNMLSLLHIGFCB97CB,大進段,.58,都市：住,100000,530,持分移轉,09150005
RPRNMLSLLHIGFCB97CB,大進段,.58,都市：住,100000,530,持分移轉,09150006
RPRNMLSLLHIGFCB97CB,大進段,.58,都市：住,100000,530,持分移轉,09150007
RPRNMLSLLHIGFCB97CB,大進段,.58,都市：住,100000,530,持分移轉,09150008
RPRNMLSLLHIGFCB97CB,大進段,.58,都市：住,100000,530,持分移轉,09150009
RPRNMLSLLHIGFCB97CB,大進段,.58,都市：住,100000,530,持分移轉,09150010
RPRNMLSLLHIGFCB97CB,大進段,.58,都市：住,100000,530,持分移轉,09150011
RPRNMLSLLHIGFCB97CB,大進段,.33,都市：住,100000,530,持分移轉,09280000
RPRNMLSLLHIGFCB97CB,大進段,.97,都市：住,100000,530,持分移轉,09280005
RPSNMLSLLHIGFCB08CB,大進段,.58,都市：住,100000,530,持分移轉,09150001
RPRNMLSLLHIGFCB97CB,大進段,.34,都市：住,100000,530,持分移轉,09300000
RPSNMLSLLHIGFCB08CB,大進段,.58,都市：住,100000,530,持分移轉,09150002
RPRNMLSLLHIGFCB97CB,大進段,.34,都市：住,100000,530,持分移轉,09300001
RPSNMLSLLHIGFCB08CB,大進段,.58,都市：住,100000,530,持分移轉,09150003
RPRNMLSLLHIGFCB97CB,大進段,1.01,都市：住,100000,530,持分移轉,09300002
RPSNMLSLLHIGFCB08CB,大進段,.58,都市：住,100000,530,持分移轉,09150004
RPRNMLSLLHIGFCB97CB,大進段,1.01,都市：住,100000,530,持分移轉,09300003
RPSNMLSLLHIGFCB08CB,大進段,.58,都市：住,100000,530,持分移轉,09150005
RPSNMLSLLHIGFCB08CB,大進段,.58,都市：住,100000,530,持分移轉,09150006
RPSNMLSLLHIGFCB08CB,大進段,.58,都市：住,100000,530,持分移轉,09150007
RPSNMLSLLHIGFCB08CB,大進段,.58,都市：住,100000,530,持分移轉,09150008
RPSNMLSLLHIGFCB08CB,大進段,.58,都市：住,100000,530,持分移轉,09150009
RPSNMLSLLHIGFCB08CB,大進段,.58,都市：住,100000,530,持分移轉,09150010
RPSNMLSLLHIGFCB08CB,大進段,.58,都市：住,100000,530,持分移轉,09150011
RPSNMLSLLHIGFCB08CB,大進段,.33,都市：住,100000,530,持分移轉,09280000
RPSNMLSLLHIGFCB08CB,大進段,.97,都市：住,100000,530,持分移轉,09280005
RPSNMLSLLHIGFCB08CB,大進段,.34,都市：住,100000,530,持分移轉,09300000
RPSNMLSLLHIGFCB08CB,大進段,.34,都市：住,100000,530,持分移轉,09300001
RPSNMLSLLHIGFCB08CB,大進段,1.01,都市：住,100000,530,持分移轉,09300002
RPSNMLSLLHIGFCB08CB,大進段,1.01,都市：住,100000,530,持分移轉,09300003
RPUNMLSLLHIGFCB28CB,惠來厝段,1.84,都市：住,100000,280,持分移轉,03050000
RPUNMLSLLHIGFCB28CB,惠來厝段,6.21,都市：住,100000,280,持分移轉,03110000
RPUNMLSLLHIGFCB28CB,惠來厝段,7.84,都市：住,100000,280,持分移轉,03140000
RPUNMLSLLHIGFCB28CB,惠來厝段,.34,都市：住,100000,280,持分移轉,03140003
RPVNMLSLLHIGFCB38CB,廣福段,29.33,都市：農,100000,1080,持分移轉,03360000
RPWNMLSLLHIGFCB48CB,惠來厝段,1.71,都市：住,100000,261,持分移轉,03050000
RPWNMLSLLHIGFCB48CB,惠來厝段,5.79,都市：住,100000,261,持分移轉,03110000
RPWNMLSLLHIGFCB48CB,惠來厝段,7.31,都市：住,100000,261,持分移轉,03140000
RPWNMLSLLHIGFCB48CB,惠來厝段,.31,都市：住,100000,261,持分移轉,03140003
RPOOMLSLLHIGFCB77CB,惠來厝段,1.71,都市：住,100000,261,持分移轉,03050000
RPOOMLSLLHIGFCB77CB,惠來厝段,5.79,都市：住,100000,261,持分移轉,03110000
RPOOMLSLLHIGFCB77CB,惠來厝段,7.31,都市：住,100000,261,持分移轉,03140000
RPOOMLSLLHIGFCB77CB,惠來厝段,.31,都市：住,100000,261,持分移轉,03140003
RPXNMLSLLHIGFCB58CB,惠來厝段,1.84,都市：住,100000,280,持分移轉,03050000
RPXNMLSLLHIGFCB58CB,惠來厝段,6.21,都市：住,100000,280,持分移轉,03110000
RPXNMLSLLHIGFCB58CB,惠來厝段,7.84,都市：住,100000,280,持分移轉,03140000
RPXNMLSLLHIGFCB58CB,惠來厝段,.34,都市：住,100000,280,持分移轉,03140003
RPPOMLSLLHIGFCB87CB,惠來厝段,1.71,都市：住,100000,261,持分移轉,03050000
RPPOMLSLLHIGFCB87CB,惠來厝段,5.79,都市：住,100000,261,持分移轉,03110000
RPPOMLSLLHIGFCB87CB,惠來厝段,7.31,都市：住,100000,261,持分移轉,03140000
RPPOMLSLLHIGFCB87CB,惠來厝段,.31,都市：住,100000,261,持分移轉,03140003
RPQOMLSLLHIGFCB97CB,惠來厝段,1.71,都市：住,100000,261,持分移轉,03050000
RPQOMLSLLHIGFCB97CB,惠來厝段,5.79,都市：住,100000,261,持分移轉,03110000
RPQOMLSLLHIGFCB97CB,惠來厝段,7.31,都市：住,100000,261,持分移轉,03140000
RPQOMLSLLHIGFCB97CB,惠來厝段,.31,都市：住,100000,261,持分移轉,03140003
RPROMLSLLHIGFCB08CB,惠來厝段,2.38,都市：住,100000,362,持分移轉,03050000
RPROMLSLLHIGFCB08CB,惠來厝段,8.03,都市：住,100000,362,持分移轉,03110000
RPROMLSLLHIGFCB08CB,惠來厝段,10.14,都市：住,100000,362,持分移轉,03140000
RPROMLSLLHIGFCB08CB,惠來厝段,.43,都市：住,100000,362,持分移轉,03140003
RPUOMLSLLHIGFCB38CB,福德段,9.43,都市：住,100000,1077,持分移轉,00370000
RPUOMLSLLHIGFCB38CB,福德段,10.75,都市：住,100000,1077,持分移轉,00420000
RPTOMLSLLHIGFCB28CB,福德段,9.43,都市：住,100000,1077,持分移轉,00370000
RPTOMLSLLHIGFCB28CB,福德段,10.75,都市：住,100000,1077,持分移轉,00420000
RPVOMLSLLHIGFCB48CB,福德段,8.01,都市：住,100000,915,持分移轉,00370000
RPVOMLSLLHIGFCB48CB,福德段,9.14,都市：住,100000,915,持分移轉,00420000
RPSOMLSLLHIGFCB18CB,惠來厝段,1.71,都市：住,100000,261,持分移轉,03050000
RPSOMLSLLHIGFCB18CB,惠來厝段,5.79,都市：住,100000,261,持分移轉,03110000
RPSOMLSLLHIGFCB18CB,惠來厝段,7.31,都市：住,100000,261,持分移轉,03140000
RPSOMLSLLHIGFCB18CB,惠來厝段,.31,都市：住,100000,261,持分移轉,03140003
RPXOMLSLLHIGFCB68CB,惠泰段,15.65,都市：住,100000,2288,持分移轉,00830000
RPPPMLSLLHIGFCB97CB,惠泰段,18.46,都市：住,100000,2699,持分移轉,00830000
RPOPMLSLLHIGFCB87CB,惠泰段,15.65,都市：住,100000,2288,持分移轉,00830000
RPQPMLSLLHIGFCB08CB,惠泰段,18.46,都市：住,100000,2699,持分移轉,00830000
RPWOMLSLLHIGFCB58CB,福德段,8.01,都市：住,100000,915,持分移轉,00370000
RPWOMLSLLHIGFCB58CB,福德段,9.14,都市：住,100000,915,持分移轉,00420000
RPRPMLSLLHIGFCB18CB,惠泰段,16.05,都市：住,100000,2347,持分移轉,00830000
RPQNMLSLLHIGFDB97CB,厚生段,61.52,都市：住,1,1,全筆移轉,06680016
RPSPMLSLLHIGFCB28CB,新富段,78.73,都市：住,10000,181,持分移轉,01710000
RPPNMLSLLHIGFDB87CB,厚生段,61.56,都市：住,1,1,全筆移轉,06680017
RPPNMLSLLHIGFFB18DB,保成段,1.01,都市：住,100000,339,持分移轉,04580000
RPPNMLSLLHIGFFB18DB,保成段,5.70,都市：住,100000,339,持分移轉,04600000
RPPNMLSLLHIGFFB18DB,保成段,1.89,都市：住,100000,339,持分移轉,04610000
RPQNMLSLLHIGFFB28DB,保成段,1.37,都市：住,100000,459,持分移轉,04580000
RPPNMLSLLHIGFFB18DB,保成段,1.93,都市：住,100000,339,持分移轉,04620000
RPQNMLSLLHIGFFB28DB,保成段,7.72,都市：住,100000,459,持分移轉,04600000
RPPNMLSLLHIGFFB18DB,保成段,2.42,都市：住,100000,339,持分移轉,04630000
RPQNMLSLLHIGFFB28DB,保成段,2.56,都市：住,100000,459,持分移轉,04610000
RPPNMLSLLHIGFFB18DB,保成段,6.17,都市：住,100000,339,持分移轉,04640000
RPQNMLSLLHIGFFB28DB,保成段,2.62,都市：住,100000,459,持分移轉,04620000
RPPNMLSLLHIGFFB18DB,保成段,.46,都市：住,100000,339,持分移轉,04650000
RPQNMLSLLHIGFFB28DB,保成段,3.28,都市：住,100000,459,持分移轉,04630000
RPPNMLSLLHIGFFB18DB,保成段,2.21,都市：住,100000,339,持分移轉,04820000
RPQNMLSLLHIGFFB28DB,保成段,8.35,都市：住,100000,459,持分移轉,04640000
RPQNMLSLLHIGFFB28DB,保成段,.63,都市：住,100000,459,持分移轉,04650000
RPQNMLSLLHIGFFB28DB,保成段,2.99,都市：住,100000,459,持分移轉,04820000
RPRNMLSLLHIGFDB08CB,厚生段,61.56,都市：住,1,1,全筆移轉,06680017
RPSNMLSLLHIGFFB48DB,保成段,1.01,都市：住,100000,339,持分移轉,04580000
RPSNMLSLLHIGFFB48DB,保成段,5.70,都市：住,100000,339,持分移轉,04600000
RPSNMLSLLHIGFFB48DB,保成段,1.89,都市：住,100000,339,持分移轉,04610000
RPSNMLSLLHIGFFB48DB,保成段,1.93,都市：住,100000,339,持分移轉,04620000
RPSNMLSLLHIGFFB48DB,保成段,2.42,都市：住,100000,339,持分移轉,04630000
RPSNMLSLLHIGFFB48DB,保成段,6.17,都市：住,100000,339,持分移轉,04640000
RPSNMLSLLHIGFFB48DB,保成段,.46,都市：住,100000,339,持分移轉,04650000
RPSNMLSLLHIGFFB48DB,保成段,2.21,都市：住,100000,339,持分移轉,04820000
RPRNMLSLLHIGFFB38DB,保成段,1.04,都市：住,100000,348,持分移轉,04580000
RPRNMLSLLHIGFFB38DB,保成段,5.86,都市：住,100000,348,持分移轉,04600000
RPRNMLSLLHIGFFB38DB,保成段,1.94,都市：住,100000,348,持分移轉,04610000
RPRNMLSLLHIGFFB38DB,保成段,1.99,都市：住,100000,348,持分移轉,04620000
RPRNMLSLLHIGFFB38DB,保成段,2.49,都市：住,100000,348,持分移轉,04630000
RPRNMLSLLHIGFFB38DB,保成段,6.33,都市：住,100000,348,持分移轉,04640000
RPRNMLSLLHIGFFB38DB,保成段,.48,都市：住,100000,348,持分移轉,04650000
RPRNMLSLLHIGFFB38DB,保成段,2.27,都市：住,100000,348,持分移轉,04820000
RPTNMLSLLHIGFFB58DB,保成段,1.01,都市：住,100000,339,持分移轉,04580000
RPTNMLSLLHIGFFB58DB,保成段,5.70,都市：住,100000,339,持分移轉,04600000
RPTNMLSLLHIGFFB58DB,保成段,1.89,都市：住,100000,339,持分移轉,04610000
RPTNMLSLLHIGFFB58DB,保成段,1.93,都市：住,100000,339,持分移轉,04620000
RPTNMLSLLHIGFFB58DB,保成段,2.42,都市：住,100000,339,持分移轉,04630000
RPTNMLSLLHIGFFB58DB,保成段,6.17,都市：住,100000,339,持分移轉,04640000
RPTNMLSLLHIGFFB58DB,保成段,.46,都市：住,100000,339,持分移轉,04650000
RPTNMLSLLHIGFFB58DB,保成段,2.21,都市：住,100000,339,持分移轉,04820000
RPUNMLSLLHIGFFB68DB,保成段,1.01,都市：住,100000,339,持分移轉,04580000
RPUNMLSLLHIGFFB68DB,保成段,5.70,都市：住,100000,339,持分移轉,04600000
RPUNMLSLLHIGFFB68DB,保成段,1.89,都市：住,100000,339,持分移轉,04610000
RPUNMLSLLHIGFFB68DB,保成段,1.93,都市：住,100000,339,持分移轉,04620000
RPUNMLSLLHIGFFB68DB,保成段,2.42,都市：住,100000,339,持分移轉,04630000
RPUNMLSLLHIGFFB68DB,保成段,6.17,都市：住,100000,339,持分移轉,04640000
RPUNMLSLLHIGFFB68DB,保成段,.46,都市：住,100000,339,持分移轉,04650000
RPUNMLSLLHIGFFB68DB,保成段,2.21,都市：住,100000,339,持分移轉,04820000
RPVNMLSLLHIGFFB78DB,保成段,1.01,都市：住,100000,339,持分移轉,04580000
RPVNMLSLLHIGFFB78DB,保成段,5.70,都市：住,100000,339,持分移轉,04600000
RPVNMLSLLHIGFFB78DB,保成段,1.89,都市：住,100000,339,持分移轉,04610000
RPVNMLSLLHIGFFB78DB,保成段,1.93,都市：住,100000,339,持分移轉,04620000
RPVNMLSLLHIGFFB78DB,保成段,2.42,都市：住,100000,339,持分移轉,04630000
RPVNMLSLLHIGFFB78DB,保成段,6.17,都市：住,100000,339,持分移轉,04640000
RPVNMLSLLHIGFFB78DB,保成段,.46,都市：住,100000,339,持分移轉,04650000
RPVNMLSLLHIGFFB78DB,保成段,2.21,都市：住,100000,339,持分移轉,04820000
RPXNMLSLLHIGFFB98DB,保成段,.96,都市：住,100000,323,持分移轉,04580000
RPXNMLSLLHIGFFB98DB,保成段,5.43,都市：住,100000,323,持分移轉,04600000
RPXNMLSLLHIGFFB98DB,保成段,1.80,都市：住,100000,323,持分移轉,04610000
RPXNMLSLLHIGFFB98DB,保成段,1.84,都市：住,100000,323,持分移轉,04620000
RPXNMLSLLHIGFFB98DB,保成段,2.31,都市：住,100000,323,持分移轉,04630000
RPXNMLSLLHIGFFB98DB,保成段,5.87,都市：住,100000,323,持分移轉,04640000
RPXNMLSLLHIGFFB98DB,保成段,.44,都市：住,100000,323,持分移轉,04650000
RPXNMLSLLHIGFFB98DB,保成段,2.10,都市：住,100000,323,持分移轉,04820000
RPWNMLSLLHIGFFB88DB,保成段,.96,都市：住,100000,323,持分移轉,04580000
RPWNMLSLLHIGFFB88DB,保成段,5.43,都市：住,100000,323,持分移轉,04600000
RPWNMLSLLHIGFFB88DB,保成段,1.80,都市：住,100000,323,持分移轉,04610000
RPWNMLSLLHIGFFB88DB,保成段,1.84,都市：住,100000,323,持分移轉,04620000
RPWNMLSLLHIGFFB88DB,保成段,2.31,都市：住,100000,323,持分移轉,04630000
RPWNMLSLLHIGFFB88DB,保成段,5.87,都市：住,100000,323,持分移轉,04640000
RPWNMLSLLHIGFFB88DB,保成段,.44,都市：住,100000,323,持分移轉,04650000
RPWNMLSLLHIGFFB88DB,保成段,2.10,都市：住,100000,323,持分移轉,04820000
RPPOMLSLLHIGFFB28DB,保成段,1.31,都市：住,100000,440,持分移轉,04580000
RPPOMLSLLHIGFFB28DB,保成段,7.40,都市：住,100000,440,持分移轉,04600000
RPPOMLSLLHIGFFB28DB,保成段,2.46,都市：住,100000,440,持分移轉,04610000
RPPOMLSLLHIGFFB28DB,保成段,2.51,都市：住,100000,440,持分移轉,04620000
RPPOMLSLLHIGFFB28DB,保成段,3.14,都市：住,100000,440,持分移轉,04630000
RPPOMLSLLHIGFFB28DB,保成段,8.00,都市：住,100000,440,持分移轉,04640000
RPPOMLSLLHIGFFB28DB,保成段,.60,都市：住,100000,440,持分移轉,04650000
RPPOMLSLLHIGFFB28DB,保成段,2.86,都市：住,100000,440,持分移轉,04820000
RPQOMLSLLHIGFFB38DB,保成段,1.31,都市：住,100000,440,持分移轉,04580000
RPQOMLSLLHIGFFB38DB,保成段,7.40,都市：住,100000,440,持分移轉,04600000
RPQOMLSLLHIGFFB38DB,保成段,2.46,都市：住,100000,440,持分移轉,04610000
RPQOMLSLLHIGFFB38DB,保成段,2.51,都市：住,100000,440,持分移轉,04620000
RPQOMLSLLHIGFFB38DB,保成段,3.14,都市：住,100000,440,持分移轉,04630000
RPQOMLSLLHIGFFB38DB,保成段,8.00,都市：住,100000,440,持分移轉,04640000
RPQOMLSLLHIGFFB38DB,保成段,.60,都市：住,100000,440,持分移轉,04650000
RPQOMLSLLHIGFFB38DB,保成段,2.86,都市：住,100000,440,持分移轉,04820000
RPROMLSLLHIGFFB48DB,保成段,1.39,都市：住,100000,465,持分移轉,04580000
RPROMLSLLHIGFFB48DB,保成段,7.82,都市：住,100000,465,持分移轉,04600000
RPROMLSLLHIGFFB48DB,保成段,2.60,都市：住,100000,465,持分移轉,04610000
RPROMLSLLHIGFFB48DB,保成段,2.65,都市：住,100000,465,持分移轉,04620000
RPROMLSLLHIGFFB48DB,保成段,3.32,都市：住,100000,465,持分移轉,04630000
RPROMLSLLHIGFFB48DB,保成段,8.46,都市：住,100000,465,持分移轉,04640000
RPROMLSLLHIGFFB48DB,保成段,.63,都市：住,100000,465,持分移轉,04650000
RPROMLSLLHIGFFB48DB,保成段,3.03,都市：住,100000,465,持分移轉,04820000
RPOOMLSLLHIGFFB18DB,保成段,.96,都市：住,100000,323,持分移轉,04580000
RPOOMLSLLHIGFFB18DB,保成段,5.43,都市：住,100000,323,持分移轉,04600000
RPOOMLSLLHIGFFB18DB,保成段,1.80,都市：住,100000,323,持分移轉,04610000
RPOOMLSLLHIGFFB18DB,保成段,1.84,都市：住,100000,323,持分移轉,04620000
RPOOMLSLLHIGFFB18DB,保成段,2.31,都市：住,100000,323,持分移轉,04630000
RPOOMLSLLHIGFFB18DB,保成段,5.87,都市：住,100000,323,持分移轉,04640000
RPOOMLSLLHIGFFB18DB,保成段,.44,都市：住,100000,323,持分移轉,04650000
RPOOMLSLLHIGFFB18DB,保成段,2.10,都市：住,100000,323,持分移轉,04820000
RPUOMLSLLHIGFFB78DB,保成段,1.66,都市：住,100000,556,持分移轉,04580000
RPUOMLSLLHIGFFB78DB,保成段,9.35,都市：住,100000,556,持分移轉,04600000
RPUOMLSLLHIGFFB78DB,保成段,3.10,都市：住,100000,556,持分移轉,04610000
RPUOMLSLLHIGFFB78DB,保成段,3.17,都市：住,100000,556,持分移轉,04620000
RPUOMLSLLHIGFFB78DB,保成段,3.97,都市：住,100000,556,持分移轉,04630000
RPUOMLSLLHIGFFB78DB,保成段,10.11,都市：住,100000,556,持分移轉,04640000
RPUOMLSLLHIGFFB78DB,保成段,.76,都市：住,100000,556,持分移轉,04650000
RPUOMLSLLHIGFFB78DB,保成段,3.62,都市：住,100000,556,持分移轉,04820000
RPVOMLSLLHIGFFB88DB,保成段,1.66,都市：住,100000,556,持分移轉,04580000
RPVOMLSLLHIGFFB88DB,保成段,9.35,都市：住,100000,556,持分移轉,04600000
RPVOMLSLLHIGFFB88DB,保成段,3.10,都市：住,100000,556,持分移轉,04610000
RPVOMLSLLHIGFFB88DB,保成段,3.17,都市：住,100000,556,持分移轉,04620000
RPVOMLSLLHIGFFB88DB,保成段,3.97,都市：住,100000,556,持分移轉,04630000
RPVOMLSLLHIGFFB88DB,保成段,10.11,都市：住,100000,556,持分移轉,04640000
RPVOMLSLLHIGFFB88DB,保成段,.76,都市：住,100000,556,持分移轉,04650000
RPVOMLSLLHIGFFB88DB,保成段,3.62,都市：住,100000,556,持分移轉,04820000
RPTOMLSLLHIGFFB68DB,保成段,1.31,都市：住,100000,440,持分移轉,04580000
RPTOMLSLLHIGFFB68DB,保成段,7.40,都市：住,100000,440,持分移轉,04600000
RPSOMLSLLHIGFFB58DB,保成段,1.33,都市：住,100000,447,持分移轉,04580000
RPSOMLSLLHIGFFB58DB,保成段,7.52,都市：住,100000,447,持分移轉,04600000
RPSOMLSLLHIGFFB58DB,保成段,2.50,都市：住,100000,447,持分移轉,04610000
RPSOMLSLLHIGFFB58DB,保成段,2.55,都市：住,100000,447,持分移轉,04620000
RPSOMLSLLHIGFFB58DB,保成段,3.19,都市：住,100000,447,持分移轉,04630000
RPSOMLSLLHIGFFB58DB,保成段,8.13,都市：住,100000,447,持分移轉,04640000
RPSOMLSLLHIGFFB58DB,保成段,.61,都市：住,100000,447,持分移轉,04650000
RPSOMLSLLHIGFFB58DB,保成段,2.91,都市：住,100000,447,持分移轉,04820000
RPWOMLSLLHIGFFB98DB,保成段,1.74,都市：住,100000,582,持分移轉,04580000
RPWOMLSLLHIGFFB98DB,保成段,9.79,都市：住,100000,582,持分移轉,04600000
RPWOMLSLLHIGFFB98DB,保成段,3.25,都市：住,100000,582,持分移轉,04610000
RPWOMLSLLHIGFFB98DB,保成段,3.32,都市：住,100000,582,持分移轉,04620000
RPWOMLSLLHIGFFB98DB,保成段,4.16,都市：住,100000,582,持分移轉,04630000
RPTOMLSLLHIGFFB68DB,保成段,2.46,都市：住,100000,440,持分移轉,04610000
RPWOMLSLLHIGFFB98DB,保成段,10.59,都市：住,100000,582,持分移轉,04640000
RPWOMLSLLHIGFFB98DB,保成段,.79,都市：住,100000,582,持分移轉,04650000
RPTOMLSLLHIGFFB68DB,保成段,2.51,都市：住,100000,440,持分移轉,04620000
RPWOMLSLLHIGFFB98DB,保成段,3.79,都市：住,100000,582,持分移轉,04820000
RPTOMLSLLHIGFFB68DB,保成段,3.14,都市：住,100000,440,持分移轉,04630000
RPTOMLSLLHIGFFB68DB,保成段,8.00,都市：住,100000,440,持分移轉,04640000
RPTOMLSLLHIGFFB68DB,保成段,.60,都市：住,100000,440,持分移轉,04650000
RPTOMLSLLHIGFFB68DB,保成段,2.86,都市：住,100000,440,持分移轉,04820000
RPXOMLSLLHIGFFB09DB,保成段,1.01,都市：住,100000,339,持分移轉,04580000
RPXOMLSLLHIGFFB09DB,保成段,5.70,都市：住,100000,339,持分移轉,04600000
RPXOMLSLLHIGFFB09DB,保成段,1.89,都市：住,100000,339,持分移轉,04610000
RPXOMLSLLHIGFFB09DB,保成段,1.93,都市：住,100000,339,持分移轉,04620000
RPXOMLSLLHIGFFB09DB,保成段,2.42,都市：住,100000,339,持分移轉,04630000
RPXOMLSLLHIGFFB09DB,保成段,6.17,都市：住,100000,339,持分移轉,04640000
RPXOMLSLLHIGFFB09DB,保成段,.46,都市：住,100000,339,持分移轉,04650000
RPXOMLSLLHIGFFB09DB,保成段,2.21,都市：住,100000,339,持分移轉,04820000
RPOPMLSLLHIGFFB28DB,保成段,1.01,都市：住,100000,339,持分移轉,04580000
RPOPMLSLLHIGFFB28DB,保成段,5.70,都市：住,100000,339,持分移轉,04600000
RPOPMLSLLHIGFFB28DB,保成段,1.89,都市：住,100000,339,持分移轉,04610000
RPOPMLSLLHIGFFB28DB,保成段,1.93,都市：住,100000,339,持分移轉,04620000
RPOPMLSLLHIGFFB28DB,保成段,2.42,都市：住,100000,339,持分移轉,04630000
RPOPMLSLLHIGFFB28DB,保成段,6.17,都市：住,100000,339,持分移轉,04640000
RPOPMLSLLHIGFFB28DB,保成段,.46,都市：住,100000,339,持分移轉,04650000
RPOPMLSLLHIGFFB28DB,保成段,2.21,都市：住,100000,339,持分移轉,04820000
RPRPMLSLLHIGFFB58DB,保成段,1.01,都市：住,100000,339,持分移轉,04580000
RPRPMLSLLHIGFFB58DB,保成段,5.70,都市：住,100000,339,持分移轉,04600000
RPRPMLSLLHIGFFB58DB,保成段,1.89,都市：住,100000,339,持分移轉,04610000
RPRPMLSLLHIGFFB58DB,保成段,1.93,都市：住,100000,339,持分移轉,04620000
RPRPMLSLLHIGFFB58DB,保成段,2.42,都市：住,100000,339,持分移轉,04630000
RPRPMLSLLHIGFFB58DB,保成段,6.17,都市：住,100000,339,持分移轉,04640000
RPSPMLSLLHIGFFB68DB,保成段,1.01,都市：住,100000,339,持分移轉,04580000
RPRPMLSLLHIGFFB58DB,保成段,.46,都市：住,100000,339,持分移轉,04650000
RPSPMLSLLHIGFFB68DB,保成段,5.70,都市：住,100000,339,持分移轉,04600000
RPRPMLSLLHIGFFB58DB,保成段,2.21,都市：住,100000,339,持分移轉,04820000
RPSPMLSLLHIGFFB68DB,保成段,1.89,都市：住,100000,339,持分移轉,04610000
RPSPMLSLLHIGFFB68DB,保成段,1.93,都市：住,100000,339,持分移轉,04620000
RPSPMLSLLHIGFFB68DB,保成段,2.42,都市：住,100000,339,持分移轉,04630000
RPSPMLSLLHIGFFB68DB,保成段,6.17,都市：住,100000,339,持分移轉,04640000
RPSPMLSLLHIGFFB68DB,保成段,.46,都市：住,100000,339,持分移轉,04650000
RPSPMLSLLHIGFFB68DB,保成段,2.21,都市：住,100000,339,持分移轉,04820000
RPQPMLSLLHIGFFB48DB,保成段,1.01,都市：住,100000,339,持分移轉,04580000
RPQPMLSLLHIGFFB48DB,保成段,5.70,都市：住,100000,339,持分移轉,04600000
RPQPMLSLLHIGFFB48DB,保成段,1.89,都市：住,100000,339,持分移轉,04610000
RPQPMLSLLHIGFFB48DB,保成段,1.93,都市：住,100000,339,持分移轉,04620000
RPQPMLSLLHIGFFB48DB,保成段,2.42,都市：住,100000,339,持分移轉,04630000
RPQPMLSLLHIGFFB48DB,保成段,6.17,都市：住,100000,339,持分移轉,04640000
RPQPMLSLLHIGFFB48DB,保成段,.46,都市：住,100000,339,持分移轉,04650000
RPQPMLSLLHIGFFB48DB,保成段,2.21,都市：住,100000,339,持分移轉,04820000
RPUPMLSLLHIGFFB88DB,保成段,1.04,都市：住,100000,348,持分移轉,04580000
RPUPMLSLLHIGFFB88DB,保成段,5.86,都市：住,100000,348,持分移轉,04600000
RPUPMLSLLHIGFFB88DB,保成段,1.94,都市：住,100000,348,持分移轉,04610000
RPUPMLSLLHIGFFB88DB,保成段,1.99,都市：住,100000,348,持分移轉,04620000
RPUPMLSLLHIGFFB88DB,保成段,2.49,都市：住,100000,348,持分移轉,04630000
RPUPMLSLLHIGFFB88DB,保成段,6.33,都市：住,100000,348,持分移轉,04640000
RPUPMLSLLHIGFFB88DB,保成段,.48,都市：住,100000,348,持分移轉,04650000
RPUPMLSLLHIGFFB88DB,保成段,2.27,都市：住,100000,348,持分移轉,04820000
RPTPMLSLLHIGFFB78DB,保成段,1.04,都市：住,100000,348,持分移轉,04580000
RPTPMLSLLHIGFFB78DB,保成段,5.86,都市：住,100000,348,持分移轉,04600000
RPTPMLSLLHIGFFB78DB,保成段,1.94,都市：住,100000,348,持分移轉,04610000
RPTPMLSLLHIGFFB78DB,保成段,1.99,都市：住,100000,348,持分移轉,04620000
RPTPMLSLLHIGFFB78DB,保成段,2.49,都市：住,100000,348,持分移轉,04630000
RPTPMLSLLHIGFFB78DB,保成段,6.33,都市：住,100000,348,持分移轉,04640000
RPTPMLSLLHIGFFB78DB,保成段,.48,都市：住,100000,348,持分移轉,04650000
RPTPMLSLLHIGFFB78DB,保成段,2.27,都市：住,100000,348,持分移轉,04820000
RPWPMLSLLHIGFFB09DB,保成段,1.04,都市：住,100000,348,持分移轉,04580000
RPWPMLSLLHIGFFB09DB,保成段,5.86,都市：住,100000,348,持分移轉,04600000
RPWPMLSLLHIGFFB09DB,保成段,1.94,都市：住,100000,348,持分移轉,04610000
RPWPMLSLLHIGFFB09DB,保成段,1.99,都市：住,100000,348,持分移轉,04620000
RPWPMLSLLHIGFFB09DB,保成段,2.49,都市：住,100000,348,持分移轉,04630000
RPWPMLSLLHIGFFB09DB,保成段,6.33,都市：住,100000,348,持分移轉,04640000
RPWPMLSLLHIGFFB09DB,保成段,.48,都市：住,100000,348,持分移轉,04650000
RPWPMLSLLHIGFFB09DB,保成段,2.27,都市：住,100000,348,持分移轉,04820000
RPVPMLSLLHIGFFB98DB,保成段,1.04,都市：住,100000,348,持分移轉,04580000
RPVPMLSLLHIGFFB98DB,保成段,5.86,都市：住,100000,348,持分移轉,04600000
RPVPMLSLLHIGFFB98DB,保成段,1.94,都市：住,100000,348,持分移轉,04610000
RPVPMLSLLHIGFFB98DB,保成段,1.99,都市：住,100000,348,持分移轉,04620000
RPVPMLSLLHIGFFB98DB,保成段,2.49,都市：住,100000,348,持分移轉,04630000
RPVPMLSLLHIGFFB98DB,保成段,6.33,都市：住,100000,348,持分移轉,04640000
RPVPMLSLLHIGFFB98DB,保成段,.48,都市：住,100000,348,持分移轉,04650000
RPVPMLSLLHIGFFB98DB,保成段,2.27,都市：住,100000,348,持分移轉,04820000
RPXPMLSLLHIGFFB56DB,保成段,1.04,都市：住,100000,348,持分移轉,04580000
RPXPMLSLLHIGFFB56DB,保成段,5.86,都市：住,100000,348,持分移轉,04600000
RPXPMLSLLHIGFFB56DB,保成段,1.94,都市：住,100000,348,持分移轉,04610000
RPXPMLSLLHIGFFB56DB,保成段,1.99,都市：住,100000,348,持分移轉,04620000
RPXPMLSLLHIGFFB56DB,保成段,2.49,都市：住,100000,348,持分移轉,04630000
RPXPMLSLLHIGFFB56DB,保成段,6.33,都市：住,100000,348,持分移轉,04640000
RPXPMLSLLHIGFFB56DB,保成段,.48,都市：住,100000,348,持分移轉,04650000
RPXPMLSLLHIGFFB56DB,保成段,2.27,都市：住,100000,348,持分移轉,04820000
RPOQMLSLLHIGFFB38DB,保成段,1.33,都市：住,100000,444,持分移轉,04580000
RPOQMLSLLHIGFFB38DB,保成段,7.47,都市：住,100000,444,持分移轉,04600000
RPOQMLSLLHIGFFB38DB,保成段,2.48,都市：住,100000,444,持分移轉,04610000
RPOQMLSLLHIGFFB38DB,保成段,2.53,都市：住,100000,444,持分移轉,04620000
RPOQMLSLLHIGFFB38DB,保成段,3.17,都市：住,100000,444,持分移轉,04630000
RPOQMLSLLHIGFFB38DB,保成段,8.08,都市：住,100000,444,持分移轉,04640000
RPOQMLSLLHIGFFB38DB,保成段,.61,都市：住,100000,444,持分移轉,04650000
RPOQMLSLLHIGFFB38DB,保成段,2.89,都市：住,100000,444,持分移轉,04820000
RPPQMLSLLHIGFFB48DB,保成段,1.01,都市：住,100000,339,持分移轉,04580000
RPPQMLSLLHIGFFB48DB,保成段,5.70,都市：住,100000,339,持分移轉,04600000
RPPQMLSLLHIGFFB48DB,保成段,1.89,都市：住,100000,339,持分移轉,04610000
RPPQMLSLLHIGFFB48DB,保成段,1.93,都市：住,100000,339,持分移轉,04620000
RPPQMLSLLHIGFFB48DB,保成段,2.42,都市：住,100000,339,持分移轉,04630000
RPPQMLSLLHIGFFB48DB,保成段,6.17,都市：住,100000,339,持分移轉,04640000
RPPQMLSLLHIGFFB48DB,保成段,.46,都市：住,100000,339,持分移轉,04650000
RPPQMLSLLHIGFFB48DB,保成段,2.21,都市：住,100000,339,持分移轉,04820000
RPPNMLSLLHIGFJB48CB,育賢段,23.39,都市：住,100000,399,持分移轉,02100000
RPQNMLSLLHIGFJB58CB,育賢段,25.74,都市：住,100000,439,持分移轉,02100000
RPQQMLSLLHIGFFB58DB,保成段,1.04,都市：住,100000,348,持分移轉,04580000
RPQQMLSLLHIGFFB58DB,保成段,5.86,都市：住,100000,348,持分移轉,04600000
RPQQMLSLLHIGFFB58DB,保成段,1.94,都市：住,100000,348,持分移轉,04610000
RPQQMLSLLHIGFFB58DB,保成段,1.99,都市：住,100000,348,持分移轉,04620000
RPQQMLSLLHIGFFB58DB,保成段,2.49,都市：住,100000,348,持分移轉,04630000
RPQQMLSLLHIGFFB58DB,保成段,6.33,都市：住,100000,348,持分移轉,04640000
RPQQMLSLLHIGFFB58DB,保成段,.48,都市：住,100000,348,持分移轉,04650000
RPQQMLSLLHIGFFB58DB,保成段,2.27,都市：住,100000,348,持分移轉,04820000
RPRNMLSLLHIGFJB68CB,育賢段,25.74,都市：住,100000,439,持分移轉,02100000
RPQNMLSLLHIGFKB68CB,龍田段,14.33,都市：住,18,1,持分移轉,16230002
RPQNMLSLLHIGFKB68CB,龍田段,65.00,都市：住,1,1,全筆移轉,16230017
RPPNMLSLLHIGFKB58CB,龍田段,14.33,都市：住,18,1,持分移轉,16230002
RPPNMLSLLHIGFKB58CB,龍田段,61.00,都市：住,1,1,全筆移轉,16230008
RPPNMLSLLHIGFGB18CB,新盛段,20.02,都市：住,100000,572,持分移轉,05480000
RPPNMLSLLHIGFBB67CB,碧柳段,11.49,都市：商,100000,120,持分移轉,00020000
RPRNMLSLLHIGFBB87CB,仁平段,53.78,都市：住,100000,1126,持分移轉,02660000
RPQNMLSLLHIGFBB77CB,碧柳段,10.06,都市：商,100000,105,持分移轉,00020000
RPSNMLSLLHIGFBB97CB,賴厝廍段,3.66,都市：住,100000,204,持分移轉,00860004
RPSNMLSLLHIGFBB97CB,賴厝廍段,1.96,都市：住,100000,204,持分移轉,00860085
RPWNMLSLLHIGFBB38CB,北屯段,23.89,都市：住,10000,64,持分移轉,02140000
RPUNMLSLLHIGFBB18CB,北屯段,23.89,都市：住,10000,64,持分移轉,02140000
RPTNMLSLLHIGFBB08CB,北屯段,23.89,都市：住,10000,64,持分移轉,02140000
RPOOMLSLLHIGFBB67CB,環中段,51.03,都市：住,10000,126,持分移轉,03080000
RPXNMLSLLHIGFBB48CB,環中段,40.50,都市：住,10000,100,持分移轉,03080000
RPPNMLSLLHIGFAB57CB,泉源段,13.54,都市：商,100000,115,持分移轉,00150000
RPQNMLSLLHIGFFB18CB,民族段,59.00,都市：農,1,1,全筆移轉,01200021
RPQNMLSLLHIGFFB18CB,民族段,17.96,都市：農,24,1,持分移轉,01200066
RPQNMLSLLHIGFFB18CB,民族段,7.92,都市：農,24,1,持分移轉,01200068
RPQNMLSLLHIGFAB67CB,泉源段,8.00,都市：商,100000,68,持分移轉,00150000
RPQNMLTLLHIGFAB77CB,樹子腳段,9.14,都市：商,100000,379,持分移轉,12110000
RPRNMLTLLHIGFAB87CB,下橋子頭段,6.75,都市：住,100000,300,持分移轉,01940006
RPRNMLTLLHIGFAB87CB,下橋子頭段,13.19,都市：住,100000,300,持分移轉,01940007
RPSNMLTLLHIGFAB97CB,下橋子頭段,6.75,都市：住,100000,300,持分移轉,01940006
RPSNMLTLLHIGFAB97CB,下橋子頭段,13.19,都市：住,100000,300,持分移轉,01940007
RPTNMLTLLHIGFAB08CB,下橋子頭段,6.75,都市：住,100000,300,持分移轉,01940006
RPTNMLTLLHIGFAB08CB,下橋子頭段,13.19,都市：住,100000,300,持分移轉,01940007
RPUNMLTLLHIGFAB18CB,下橋子頭段,6.75,都市：住,100000,300,持分移轉,01940006
RPUNMLTLLHIGFAB18CB,下橋子頭段,13.19,都市：住,100000,300,持分移轉,01940007
RPPNMLTLLHIGFFB18CB,市鎮南段,9.42,都市：商,100000,42,持分移轉,00970000
RPQNMLTLLHIGFFB28CB,市鎮南段,11.21,都市：商,100000,50,持分移轉,00970000
RPRNMLTLLHIGFFB38CB,市鎮南段,9.42,都市：商,100000,42,持分移轉,00970000
RPSNMLTLLHIGFFB48CB,市鎮南段,6.50,都市：商,100000,29,持分移轉,00970000
RPVNMLTLLHIGFAB28CB,下橋子頭段,6.75,都市：住,100000,300,持分移轉,01940006
RPVNMLTLLHIGFAB28CB,下橋子頭段,13.19,都市：住,100000,300,持分移轉,01940007
RPTNMLTLLHIGFFB58CB,市鎮南段,9.52,都市：商,10000,19,持分移轉,00740000
RPXNMLTLLHIGFFB98CB,紅竹段,16.04,都市：住,100000,1072,持分移轉,03030001
RPWNMLTLLHIGFFB88CB,公館南段,57.70,都市：其他:農建地,1,1,全筆移轉,08070006
RPWNMLTLLHIGFFB88CB,公館南段,4.93,都市：其他:農建地,30,1,持分移轉,08070034
RPWNMLTLLHIGFFB88CB,公館南段,4.35,都市：其他:農建地,30,1,持分移轉,08070031
RPWNMLTLLHIGFFB88CB,公館南段,17.44,都市：其他:農建地,26,1,持分移轉,08070015
RPWNMLTLLHIGFFB88CB,公館南段,.00,都市：其他:農建地,30,1,持分移轉,08070035
RPPOMLTLLHIGFFB28CB,南勢段,47.50,都市：住,1,1,全筆移轉,10810030
RPPOMLTLLHIGFFB28CB,南勢段,.69,都市：住,2490000,9450,持分移轉,10470000
RPPOMLTLLHIGFFB28CB,南勢段,13.15,都市：其他:保護區,8621000,17827,持分移轉,09930000
RPPOMLTLLHIGFFB28CB,南勢段,3.00,都市：住,145510,300,持分移轉,09420000
RPQOMLTLLHIGFFB38CB,南勢段,92.70,都市：住,1,1,全筆移轉,11120005
RPPOMLTLLHIGFFB28CB,南勢段,19.53,都市：住,20,1,持分移轉,10810021
RPQOMLTLLHIGFFB38CB,南勢段,.66,都市：住,2490000,9000,持分移轉,10470000
RPQOMLTLLHIGFFB38CB,南勢段,18.14,都市：其他:保護區,8621000,24592,持分移轉,09930000
RPQOMLTLLHIGFFB38CB,南勢段,4.00,都市：住,145510,400,持分移轉,09420000
RPOOMLTLLHIGFFB18CB,紅竹段,22.61,都市：住,100000,1511,持分移轉,03030001
RPPNMLTLLHIGFBB77CB,美和段,38.49,都市：住,100000,1365,持分移轉,03600000
RPSNMLTLLHIGFBB08CB,榮德段,42.49,都市：住,100000,1782,持分移轉,02840000
RPRNMLTLLHIGFBB97CB,榮德段,49.13,都市：住,1000000,20608,持分移轉,02840000
RPPNMLTLLHIGFEB08CB,賢仁段,24.95,都市：住,100000,1818,持分移轉,00390000
RPQNMLTLLHIGFBB87CB,美和段,43.51,都市：住,100000,1543,持分移轉,03600000
RPPNMLTLLHIGFGB28CB,新盛段,19.32,都市：住,100000,552,持分移轉,05480000
RPPNMLTLLHIGFKB68CB,竹泉段,53.00,都市：住,1,1,全筆移轉,02640017
RPPNMLTLLHIGFKB68CB,竹泉段,21.80,都市：住,20,1,持分移轉,02640024
RPPNMLTLLHIGFIB58DB,仁美段,48.40,非都市：一般農業區 ; 非都市編定：甲種建築用地,1,1,全筆移轉,13230025
RPPNMLTLLHIGFIB58DB,仁美段,16.06,非都市：一般農業區 ; 非都市編定：甲種建築用地,50,1,持分移轉,13230000
RPPNMLTLLHIGFIB58DB,仁美段,4.29,都市：住,50,1,持分移轉,13240001
RPPNMLTLLHIGFIB58DB,仁美段,1.10,都市：住,50,1,持分移轉,13240004
RPPNMLTLLHIGFIB58DB,仁城段,1.83,非都市：鄉村區 ; 非都市編定：乙種建築用地,50,1,持分移轉,07070000
RPPNMLTLLHIGFIB58DB,仁城段,.09,非都市：鄉村區 ; 非都市編定：乙種建築用地,50,1,持分移轉,07070001
RPQNMLTLLHIGFGB38CB,和興段,79.92,都市：住,1,1,全筆移轉,02560007
RPQNMLTLLHIGFGB38CB,和興段,16.07,都市：住,30,1,持分移轉,02560012
RPQNMLTLLHIGFGB38CB,和興段,.12,都市：住,30,1,持分移轉,02560043
RPQNMLTLLHIGFKB78CB,竹泉段,21.17,都市：住,100000,622,持分移轉,02320000
RPPNMLTLLHIGFJB58CB,福平段,13.31,都市：商,100000,561,持分移轉,08730000
RPSNMLTLLHIGFJB88CB,宜欣段,16.09,都市：住,1000000,10688,持分移轉,03610000
RPRNMLTLLHIGFJB78CB,宜欣段,16.09,都市：住,1000000,10688,持分移轉,03610000
RPQNMLTLLHIGFJB68CB,宜欣段,22.42,都市：住,1000000,14899,持分移轉,03610000
RPPNMLTLLHIGFFB28DB,保成段,1.04,都市：住,100000,348,持分移轉,04580000
RPPNMLTLLHIGFFB28DB,保成段,5.86,都市：住,100000,348,持分移轉,04600000
RPPNMLTLLHIGFFB28DB,保成段,1.94,都市：住,100000,348,持分移轉,04610000
RPPNMLTLLHIGFFB28DB,保成段,1.99,都市：住,100000,348,持分移轉,04620000
RPPNMLTLLHIGFFB28DB,保成段,2.49,都市：住,100000,348,持分移轉,04630000
RPPNMLTLLHIGFFB28DB,保成段,6.33,都市：住,100000,348,持分移轉,04640000
RPPNMLTLLHIGFFB28DB,保成段,.48,都市：住,100000,348,持分移轉,04650000
RPPNMLTLLHIGFFB28DB,保成段,2.27,都市：住,100000,348,持分移轉,04820000
RPQNMLTLLHIGFFB38DB,保成段,1.01,都市：住,100000,339,持分移轉,04580000
RPQNMLTLLHIGFFB38DB,保成段,5.70,都市：住,100000,339,持分移轉,04600000
RPQNMLTLLHIGFFB38DB,保成段,1.89,都市：住,100000,339,持分移轉,04610000
RPQNMLTLLHIGFFB38DB,保成段,1.93,都市：住,100000,339,持分移轉,04620000
RPQNMLTLLHIGFFB38DB,保成段,2.42,都市：住,100000,339,持分移轉,04630000
RPQNMLTLLHIGFFB38DB,保成段,6.17,都市：住,100000,339,持分移轉,04640000
RPQNMLTLLHIGFFB38DB,保成段,.46,都市：住,100000,339,持分移轉,04650000
RPQNMLTLLHIGFFB38DB,保成段,2.21,都市：住,100000,339,持分移轉,04820000
RPRNMLTLLHIGFFB48DB,保成段,1.31,都市：住,100000,440,持分移轉,04580000
RPRNMLTLLHIGFFB48DB,保成段,7.40,都市：住,100000,440,持分移轉,04600000
RPRNMLTLLHIGFFB48DB,保成段,2.46,都市：住,100000,440,持分移轉,04610000
RPUNMLTLLHIGFFB78DB,保成段,.96,都市：住,100000,323,持分移轉,04580000
RPRNMLTLLHIGFFB48DB,保成段,2.51,都市：住,100000,440,持分移轉,04620000
RPUNMLTLLHIGFFB78DB,保成段,5.43,都市：住,100000,323,持分移轉,04600000
RPRNMLTLLHIGFFB48DB,保成段,3.14,都市：住,100000,440,持分移轉,04630000
RPUNMLTLLHIGFFB78DB,保成段,1.80,都市：住,100000,323,持分移轉,04610000
RPRNMLTLLHIGFFB48DB,保成段,8.00,都市：住,100000,440,持分移轉,04640000
RPTNMLTLLHIGFJB98CB,宜欣段,22.42,都市：住,1000000,14899,持分移轉,03610000
RPUNMLTLLHIGFFB78DB,保成段,1.84,都市：住,100000,323,持分移轉,04620000
RPRNMLTLLHIGFFB48DB,保成段,.60,都市：住,100000,440,持分移轉,04650000
RPUNMLTLLHIGFFB78DB,保成段,2.31,都市：住,100000,323,持分移轉,04630000
RPRNMLTLLHIGFFB48DB,保成段,2.86,都市：住,100000,440,持分移轉,04820000
RPUNMLTLLHIGFFB78DB,保成段,5.87,都市：住,100000,323,持分移轉,04640000
RPUNMLTLLHIGFFB78DB,保成段,.44,都市：住,100000,323,持分移轉,04650000
RPUNMLTLLHIGFFB78DB,保成段,2.10,都市：住,100000,323,持分移轉,04820000
RPSNMLTLLHIGFFB58DB,保成段,1.37,都市：住,100000,459,持分移轉,04580000
RPSNMLTLLHIGFFB58DB,保成段,7.72,都市：住,100000,459,持分移轉,04600000
RPSNMLTLLHIGFFB58DB,保成段,2.56,都市：住,100000,459,持分移轉,04610000
RPSNMLTLLHIGFFB58DB,保成段,2.62,都市：住,100000,459,持分移轉,04620000
RPSNMLTLLHIGFFB58DB,保成段,3.28,都市：住,100000,459,持分移轉,04630000
RPSNMLTLLHIGFFB58DB,保成段,8.35,都市：住,100000,459,持分移轉,04640000
RPSNMLTLLHIGFFB58DB,保成段,.63,都市：住,100000,459,持分移轉,04650000
RPSNMLTLLHIGFFB58DB,保成段,2.99,都市：住,100000,459,持分移轉,04820000
RPWNMLTLLHIGFFB98DB,保成段,1.01,都市：住,100000,339,持分移轉,04580000
RPWNMLTLLHIGFFB98DB,保成段,5.70,都市：住,100000,339,持分移轉,04600000
RPWNMLTLLHIGFFB98DB,保成段,1.89,都市：住,100000,339,持分移轉,04610000
RPWNMLTLLHIGFFB98DB,保成段,1.93,都市：住,100000,339,持分移轉,04620000
RPWNMLTLLHIGFFB98DB,保成段,2.42,都市：住,100000,339,持分移轉,04630000
RPWNMLTLLHIGFFB98DB,保成段,6.17,都市：住,100000,339,持分移轉,04640000
RPWNMLTLLHIGFFB98DB,保成段,.46,都市：住,100000,339,持分移轉,04650000
RPWNMLTLLHIGFFB98DB,保成段,2.21,都市：住,100000,339,持分移轉,04820000
RPXNMLTLLHIGFFB09DB,保成段,1.01,都市：住,100000,339,持分移轉,04580000
RPXNMLTLLHIGFFB09DB,保成段,5.70,都市：住,100000,339,持分移轉,04600000
RPXNMLTLLHIGFFB09DB,保成段,1.89,都市：住,100000,339,持分移轉,04610000
RPXNMLTLLHIGFFB09DB,保成段,1.93,都市：住,100000,339,持分移轉,04620000
RPXNMLTLLHIGFFB09DB,保成段,2.42,都市：住,100000,339,持分移轉,04630000
RPXNMLTLLHIGFFB09DB,保成段,6.17,都市：住,100000,339,持分移轉,04640000
RPXNMLTLLHIGFFB09DB,保成段,.46,都市：住,100000,339,持分移轉,04650000
RPXNMLTLLHIGFFB09DB,保成段,2.21,都市：住,100000,339,持分移轉,04820000
RPOOMLTLLHIGFFB28DB,保成段,1.44,都市：住,100000,482,持分移轉,04580000
RPOOMLTLLHIGFFB28DB,保成段,8.11,都市：住,100000,482,持分移轉,04600000
RPOOMLTLLHIGFFB28DB,保成段,2.69,都市：住,100000,482,持分移轉,04610000
RPOOMLTLLHIGFFB28DB,保成段,2.75,都市：住,100000,482,持分移轉,04620000
RPOOMLTLLHIGFFB28DB,保成段,3.44,都市：住,100000,482,持分移轉,04630000
RPPOMLTLLHIGFFB38DB,保成段,1.49,都市：住,100000,498,持分移轉,04580000
RPOOMLTLLHIGFFB28DB,保成段,8.77,都市：住,100000,482,持分移轉,04640000
RPOOMLTLLHIGFFB28DB,保成段,.66,都市：住,100000,482,持分移轉,04650000
RPPOMLTLLHIGFFB38DB,保成段,8.38,都市：住,100000,498,持分移轉,04600000
RPOOMLTLLHIGFFB28DB,保成段,3.14,都市：住,100000,482,持分移轉,04820000
RPPOMLTLLHIGFFB38DB,保成段,2.78,都市：住,100000,498,持分移轉,04610000
RPPOMLTLLHIGFFB38DB,保成段,2.84,都市：住,100000,498,持分移轉,04620000
RPPOMLTLLHIGFFB38DB,保成段,3.56,都市：住,100000,498,持分移轉,04630000
RPPOMLTLLHIGFFB38DB,保成段,9.06,都市：住,100000,498,持分移轉,04640000
RPPOMLTLLHIGFFB38DB,保成段,.68,都市：住,100000,498,持分移轉,04650000
RPPOMLTLLHIGFFB38DB,保成段,3.24,都市：住,100000,498,持分移轉,04820000
RPQOMLTLLHIGFFB48DB,保成段,1.72,都市：住,100000,576,持分移轉,04580000
RPQOMLTLLHIGFFB48DB,保成段,9.69,都市：住,100000,576,持分移轉,04600000
RPQOMLTLLHIGFFB48DB,保成段,3.22,都市：住,100000,576,持分移轉,04610000
RPQOMLTLLHIGFFB48DB,保成段,3.29,都市：住,100000,576,持分移轉,04620000
RPQOMLTLLHIGFFB48DB,保成段,4.11,都市：住,100000,576,持分移轉,04630000
RPQOMLTLLHIGFFB48DB,保成段,10.48,都市：住,100000,576,持分移轉,04640000
RPQOMLTLLHIGFFB48DB,保成段,.79,都市：住,100000,576,持分移轉,04650000
RPQOMLTLLHIGFFB48DB,保成段,3.75,都市：住,100000,576,持分移轉,04820000
RPPNMLTLLHIGFDB97CB,市政段,26.06,都市：住,100000,2451,持分移轉,01170000
RPQNMLTLLHIGFDB08CB,市政段,26.96,都市：住,100000,2536,持分移轉,01170000
RPRNMLTLLHIGFDB18CB,市政段,10.03,都市：住,100000,943,持分移轉,01170000
RPSOMLTLLHIGFFB68DB,保成段,1.01,都市：住,100000,339,持分移轉,04580000
RPSOMLTLLHIGFFB68DB,保成段,5.70,都市：住,100000,339,持分移轉,04600000
RPSOMLTLLHIGFFB68DB,保成段,1.89,都市：住,100000,339,持分移轉,04610000
RPSOMLTLLHIGFFB68DB,保成段,1.93,都市：住,100000,339,持分移轉,04620000
RPSOMLTLLHIGFFB68DB,保成段,2.42,都市：住,100000,339,持分移轉,04630000
RPSOMLTLLHIGFFB68DB,保成段,6.17,都市：住,100000,339,持分移轉,04640000
RPSOMLTLLHIGFFB68DB,保成段,.46,都市：住,100000,339,持分移轉,04650000
RPSOMLTLLHIGFFB68DB,保成段,2.21,都市：住,100000,339,持分移轉,04820000
RPROMLTLLHIGFFB58DB,保成段,1.01,都市：住,100000,339,持分移轉,04580000
RPPNMLTLLHIGFCB87CB,生態段,27.49,都市：住,10000,127,持分移轉,00660000
RPROMLTLLHIGFFB58DB,保成段,5.70,都市：住,100000,339,持分移轉,04600000
RPPNMLTLLHIGFCB87CB,生態段,12.52,都市：住,10000,127,持分移轉,00670000
RPROMLTLLHIGFFB58DB,保成段,1.89,都市：住,100000,339,持分移轉,04610000
RPROMLTLLHIGFFB58DB,保成段,1.93,都市：住,100000,339,持分移轉,04620000
RPROMLTLLHIGFFB58DB,保成段,2.42,都市：住,100000,339,持分移轉,04630000
RPROMLTLLHIGFFB58DB,保成段,6.17,都市：住,100000,339,持分移轉,04640000
RPROMLTLLHIGFFB58DB,保成段,.46,都市：住,100000,339,持分移轉,04650000
RPROMLTLLHIGFFB58DB,保成段,2.21,都市：住,100000,339,持分移轉,04820000
RPQNMLTLLHIGFIB58CB,健民段,20.45,非都市：鄉村區 ; 非都市編定：乙種建築用地,100000,322,持分移轉,07560000
RPSNMLTLLHIGFCB18CB,西屯段,25.37,都市：住,10000,101,持分移轉,22590000
RPRNMLTLLHIGFCB08CB,福順段,83.34,都市：住,1,1,全筆移轉,01500004
RPRNMLTLLHIGFCB08CB,福順段,25.32,都市：住,100000,10002,持分移轉,01500014
RPSNMLTLLHIGFIB78CB,健民段,27.69,非都市：鄉村區 ; 非都市編定：乙種建築用地,100000,436,持分移轉,07560000
RPRNMLTLLHIGFIB68CB,健民段,20.57,非都市：鄉村區 ; 非都市編定：乙種建築用地,100000,324,持分移轉,07560000
RPPNMLKMLHIGFIB67CB,中興段,11.75,都市：住,100000,1227,持分移轉,01170000
RPPNMLKMLHIGFIB67CB,中興段,11.84,都市：住,100000,1227,持分移轉,01180000
RPPNMLKMLHIGFIB67CB,中興段,3.60,都市：住,100000,1227,持分移轉,01190001
RPRNMLKMLHIGFIB87CB,中興段,11.75,都市：住,100000,1227,持分移轉,01170000
RPRNMLKMLHIGFIB87CB,中興段,11.84,都市：住,100000,1227,持分移轉,01180000
RPRNMLKMLHIGFIB87CB,中興段,3.60,都市：住,100000,1227,持分移轉,01190001
RPSNMLKMLHIGFIB97CB,新高鐵段,10.83,都市：商,100000,77,持分移轉,00310000
RPQNMLKMLHIGFIB77CB,中興段,11.75,都市：住,100000,1227,持分移轉,01170000
RPQNMLKMLHIGFIB77CB,中興段,11.84,都市：住,100000,1227,持分移轉,01180000
RPQNMLKMLHIGFIB77CB,中興段,3.60,都市：住,100000,1227,持分移轉,01190001
RPTNMLTLLHIGFIB88CB,健民段,27.75,非都市：鄉村區 ; 非都市編定：乙種建築用地,100000,437,持分移轉,07560000
RPUNMLKMLHIGFIB18CB,新高鐵段,12.10,都市：商,100000,86,持分移轉,00310000
RPTNMLKMLHIGFIB08CB,新高鐵段,9.99,都市：商,100000,71,持分移轉,00310000
RPVNMLKMLHIGFIB28CB,新高鐵段,10.13,都市：商,100000,72,持分移轉,00310000
RPPNMLKMLHIGFCB07CB,逢大段,19.14,都市：其他:第二種創新研發專用區,100000,780,持分移轉,00350000
RPPNMLKMLHIGFDB17CB,大順段,9.47,都市：住,100000,1844,持分移轉,03090000
RPPNMLKMLHIGFDB17CB,大順段,2.68,都市：住,100000,1844,持分移轉,03100000
RPPNMLKMLHIGFJB77CB,學億段,29.55,都市：住,10000,157,持分移轉,00380004
RPRNMLKMLHIGFDB37CB,大順段,9.99,都市：住,100000,1946,持分移轉,03090000
RPRNMLKMLHIGFDB37CB,大順段,2.83,都市：住,100000,1946,持分移轉,03100000
RPQNMLKMLHIGFDB27CB,大順段,15.40,都市：住,100000,2998,持分移轉,03090000
RPQNMLKMLHIGFDB27CB,大順段,4.36,都市：住,100000,2998,持分移轉,03100000
RPQNMLKMLHIGFJB87CB,育賢段,16.86,都市：住,10000,24,持分移轉,02270000
RPPNMLKMLHIGFBB96CB,竹興段,68.09,都市：住,1,1,全筆移轉,00780040
RPPNMLKMLHIGFBB96CB,竹興段,22.23,都市：住,10000,459,持分移轉,00780047
RPPNMLKMLHIGFBB96CB,竹興段,2.62,都市：住,38,1,持分移轉,00780035
RPQNMLKMLHIGFBB07CB,碧柳段,3.07,都市：住,100000,537,持分移轉,02150000
RPQNMLKMLHIGFBB07CB,碧柳段,3.34,都市：住,100000,537,持分移轉,02160000
RPQNMLKMLHIGFBB07CB,碧柳段,6.67,都市：住,100000,537,持分移轉,02170000
RPQNMLKMLHIGFBB07CB,碧柳段,10.61,都市：住,100000,537,持分移轉,02180000
RPTNMLKMLHIGFBB37CB,倡和段,11.18,都市：商,100000,552,持分移轉,01820000
RPSNMLKMLHIGFBB27CB,倡和段,11.18,都市：商,100000,552,持分移轉,01820000
RPRNMLKMLHIGFFB57CB,梧棲段,11.01,都市：商,10000,34,持分移轉,28400000
RPQNMLKMLHIGFFB47CB,槺榔段,11.39,都市：住,18,1,持分移轉,03430036
RPQNMLKMLHIGFFB47CB,槺榔段,48.00,都市：住,1,1,全筆移轉,03430020
RPUNMLKMLHIGFBB47CB,邱厝子段,13.14,都市：住,100000,2089,持分移轉,00950002
RPRNMLKMLHIGFBB17CB,賴厝廍段,.68,都市：住,100000,3553,持分移轉,00470116
RPRNMLKMLHIGFBB17CB,賴厝廍段,1.03,都市：住,100000,3553,持分移轉,00490138
RPRNMLKMLHIGFBB17CB,賴厝廍段,1.42,都市：住,100000,3553,持分移轉,00490139
RPRNMLKMLHIGFBB17CB,賴厝廍段,.36,都市：住,100000,3553,持分移轉,00490140
RPRNMLKMLHIGFBB17CB,賴厝廍段,.11,都市：住,100000,3553,持分移轉,00490147
RPSNMLKMLHIGFFB67CB,市鎮南段,13.88,都市：商,10000,31,持分移轉,01490000
RPRNMLKMLHIGFBB17CB,賴厝廍段,.11,都市：住,100000,3553,持分移轉,00490148
RPRNMLKMLHIGFBB17CB,賴厝廍段,2.42,都市：住,100000,3553,持分移轉,00490151
RPRNMLKMLHIGFBB17CB,賴厝廍段,.18,都市：住,100000,3553,持分移轉,00490152
RPRNMLKMLHIGFBB17CB,賴厝廍段,10.34,都市：住,100000,3553,持分移轉,00490002
RPTNMLKMLHIGFFB77CB,市鎮南段,8.51,都市：商,10000,17,持分移轉,00740000
RPUNMLKMLHIGFFB87CB,紅竹段,44.01,都市：住,1,1,全筆移轉,03030040
RPUNMLKMLHIGFFB87CB,紅竹段,17.77,都市：住,48,1,持分移轉,03030002
RPUNMLKMLHIGFFB87CB,紅竹段,.01,都市：住,100000,1,持分移轉,03030001
RPXNMLLMLHIGFFB28CB,成衣段,29.92,都市：住,10000,117,持分移轉,00050000
RPPNMLLMLHIGFAB96CB,旱平段,25.58,都市：住,100000,1140,持分移轉,04060000
RPOOMLLMLHIGFFB47CB,國昌段,7.65,都市：住,47023,765,持分移轉,02330014
RPOOMLLMLHIGFFB47CB,國昌段,63.13,都市：住,1,1,全筆移轉,02330030
RPOOMLLMLHIGFFB47CB,國昌段,.03,都市：住,46,3,持分移轉,02330044
RPPOMLLMLHIGFFB57CB,楊厝段,60.82,都市：農,1,1,全筆移轉,02830002
RPPOMLLMLHIGFFB57CB,楊厝段,.86,都市：農,18,1,持分移轉,02830019
RPPOMLLMLHIGFFB57CB,楊厝段,12.43,都市：農,16,1,持分移轉,02830009
RPRNMLLMLHIGFBB27CB,溝背段,15.03,都市：住,100000,404,持分移轉,01430000
RPQOMLLMLHIGFFB67CB,楊厝段,45.56,都市：農,1,1,全筆移轉,02830017
RPQOMLLMLHIGFFB67CB,楊厝段,.86,都市：農,18,1,持分移轉,02830019
RPQOMLLMLHIGFFB67CB,楊厝段,12.43,都市：農,16,1,持分移轉,02830009
RPROMLLMLHIGFFB77CB,槺榔段,11.39,都市：住,18,1,持分移轉,03430036
RPPNMLLMLHIGFBB07CB,東山段,21.08,都市：商,100000,605,持分移轉,02280000
RPROMLLMLHIGFFB77CB,槺榔段,50.00,都市：住,1,1,全筆移轉,03430032
RPSNMLLMLHIGFBB37CB,溝背段,15.03,都市：住,100000,404,持分移轉,01430000
RPTNMLLMLHIGFBB47CB,溝背段,14.66,都市：住,100000,394,持分移轉,01430000
RPUNMLLMLHIGFBB57CB,溝背段,15.03,都市：住,100000,404,持分移轉,01430000
RPOOMLLMLHIGFBB07CB,溝背段,15.03,都市：住,100000,404,持分移轉,01430000
RPXNMLLMLHIGFBB87CB,溝背段,25.86,都市：住,100000,695,持分移轉,01430000
RPVNMLLMLHIGFBB67CB,溝背段,15.03,都市：住,100000,404,持分移轉,01430000
RPQNMLLMLHIGFEB47CB,大同段,70.50,都市：住,1,1,全筆移轉,03880002
RPPNMLLMLHIGFHB67CB,四德段,81.36,都市：農,1,1,全筆移轉,05110004
RPPNMLLMLHIGFHB67CB,四德段,16.75,都市：農,1000,125,持分移轉,05110000
RPPNMLLMLHIGFHB67CB,四德段,3.31,都市：農,8000,980,持分移轉,05090001
RPPNMLLMLHIGFIB87DB,仁美段,43.72,非都市：一般農業區 ; 非都市編定：甲種建築用地,1,1,全筆移轉,13230020
RPPNMLLMLHIGFIB87DB,仁城段,3.58,非都市：鄉村區 ; 非都市編定：乙種建築用地,1,1,全筆移轉,07070006
RPPNMLLMLHIGFIB87DB,仁美段,16.06,非都市：一般農業區 ; 非都市編定：甲種建築用地,50,1,持分移轉,13230000
RPPNMLLMLHIGFIB87DB,仁美段,4.29,都市：住,50,1,持分移轉,13240001
RPPNMLLMLHIGFIB87DB,仁美段,1.10,都市：住,50,1,持分移轉,13240004
RPPNMLLMLHIGFIB87DB,仁城段,1.83,非都市：鄉村區 ; 非都市編定：乙種建築用地,50,1,持分移轉,07070000
RPPNMLLMLHIGFIB87DB,仁城段,.09,非都市：鄉村區 ; 非都市編定：乙種建築用地,50,1,持分移轉,07070001
RPPNMLLMLHIGFJB87CB,育賢段,19.14,都市：住,10000,18,持分移轉,01810001
RPPNMLLMLHIGFEB37CB,大同段,65.01,都市：住,1,1,全筆移轉,04100013
RPPNMLLMLHIGFEB37CB,大同段,11.96,都市：住,14,1,持分移轉,04100009
RPPNMLLMLHIGFEB37CB,大同段,10.00,都市：其他:公共保留地,32185,1000,持分移轉,03870000
RPPNMLLMLHIGFEB37CB,大同段,14.54,都市：其他:公共保留地,1,1,全筆移轉,04090001
RPRNMLLMLHIGFJB08CB,育賢段,18.08,都市：住,10000,17,持分移轉,01810001
RPSNMLLMLHIGFJB18CB,育賢段,27.65,都市：住,10000,26,持分移轉,01810001
RPPNMLLMLHIGFDB27CB,大順段,9.47,都市：住,100000,1844,持分移轉,03090000
RPPNMLLMLHIGFDB27CB,大順段,2.68,都市：住,100000,1844,持分移轉,03100000
RPUNMLLMLHIGFJB38CB,育賢段,23.45,都市：住,10000,40,持分移轉,02100001
RPRNMLLMLHIGFDB47CB,大順段,9.46,都市：住,100000,1841,持分移轉,03090000
RPRNMLLMLHIGFDB47CB,大順段,2.68,都市：住,100000,1841,持分移轉,03100000
RPQNMLLMLHIGFDB37CB,大順段,9.28,都市：住,100000,1806,持分移轉,03090000
RPQNMLLMLHIGFDB37CB,大順段,2.63,都市：住,100000,1806,持分移轉,03100000
RPSNMLLMLHIGFDB57CB,大順段,9.46,都市：住,100000,1841,持分移轉,03090000
RPSNMLLMLHIGFDB57CB,大順段,2.68,都市：住,100000,1841,持分移轉,03100000
RPRNMLLMLHIGFCB37CB,中正段,.19,都市：商,100000,207,持分移轉,02350000
RPRNMLLMLHIGFCB37CB,中正段,9.93,都市：商,100000,207,持分移轉,02280000
RPTNMLLMLHIGFCB57CB,中正段,.19,都市：商,100000,207,持分移轉,02350000
RPTNMLLMLHIGFCB57CB,中正段,9.93,都市：商,100000,207,持分移轉,02280000
RPSNMLLMLHIGFCB47CB,中正段,.19,都市：商,100000,215,持分移轉,02350000
RPSNMLLMLHIGFCB47CB,中正段,10.32,都市：商,100000,215,持分移轉,02280000
RPVNMLLMLHIGFCB77CB,惠民段,9.41,都市：其他:第六種新市政中心專用區,100000,311,持分移轉,01150000
RPQNMLLMLHIGFCB27CB,惠民段,9.41,都市：其他:第六種新市政中心專用區,100000,311,持分移轉,01150000
RPWNMLLMLHIGFCB87CB,惠民段,9.41,都市：其他:第六種新市政中心專用區,100000,311,持分移轉,01150000
RPXNMLLMLHIGFCB97CB,惠民段,9.41,都市：其他:第六種新市政中心專用區,100000,311,持分移轉,01150000
RPPOMLLMLHIGFCB27CB,惠民段,11.46,都市：其他:第六種新市政中心專用區,100000,379,持分移轉,01150000
RPOOMLLMLHIGFCB17CB,惠民段,11.46,都市：其他:第六種新市政中心專用區,100000,379,持分移轉,01150000
RPPNMLLMLHIGFIB77CB,成功嶺段,17.56,都市：住,1000000,8174,持分移轉,03010000
RPPNMLLMLHIGFIB77CB,成功嶺段,4.65,都市：商,1000000,8174,持分移轉,03010002
RPPNMLLMLHIGFIB77CB,成功嶺段,.25,都市：商,1000000,8174,持分移轉,03070000
RPRNMLLMLHIGFIB97CB,成功嶺段,17.56,都市：住,1000000,8174,持分移轉,03010000
RPRNMLLMLHIGFIB97CB,成功嶺段,4.65,都市：商,1000000,8174,持分移轉,03010002
RPRNMLLMLHIGFIB97CB,成功嶺段,.25,都市：商,1000000,8174,持分移轉,03070000
RPQNMLLMLHIGFIB87CB,成功嶺段,17.56,都市：住,1000000,8174,持分移轉,03010000
RPQNMLLMLHIGFIB87CB,成功嶺段,4.65,都市：商,1000000,8174,持分移轉,03010002
RPQNMLLMLHIGFIB87CB,成功嶺段,.25,都市：商,1000000,8174,持分移轉,03070000
RPPNMLLJMHIGFDB07CB,大順段,9.52,都市：住,100000,1853,持分移轉,03090000
RPPNMLLJMHIGFDB07CB,大順段,2.70,都市：住,100000,1853,持分移轉,03100000
RPQNMLLJMHIGFDB17CB,大順段,9.45,都市：住,100000,1839,持分移轉,03090000
RPQNMLLJMHIGFDB17CB,大順段,2.68,都市：住,100000,1839,持分移轉,03100000
RPRNMLLJMHIGFDB27CB,大順段,7.59,都市：住,100000,1478,持分移轉,03090000
RPRNMLLJMHIGFDB27CB,大順段,2.15,都市：住,100000,1478,持分移轉,03100000
RPSNMLLJMHIGFDB37CB,大順段,9.52,都市：住,100000,1853,持分移轉,03900000
RPSNMLLJMHIGFDB37CB,大順段,2.70,都市：住,100000,1853,持分移轉,03100000
RPUNMLLJMHIGFDB57CB,大順段,9.47,都市：住,100000,1844,持分移轉,03090000
RPUNMLLJMHIGFDB57CB,大順段,2.68,都市：住,100000,1844,持分移轉,03100000
RPTNMLLJMHIGFDB47CB,市政段,20.92,都市：住,100000,1968,持分移轉,01170000
RPPNMLLJMHIGFBB86CB,碧柳段,9.20,都市：商,100000,96,持分移轉,00020000
RPSNMLLMLHIGFIB08CB,成功嶺段,25.86,都市：住,1000000,12038,持分移轉,03010000
RPSNMLLMLHIGFIB08CB,成功嶺段,6.84,都市：商,1000000,12038,持分移轉,03010002
RPSNMLLMLHIGFIB08CB,成功嶺段,.37,都市：商,1000000,12038,持分移轉,03070000
RPPNMLLJMHIGFFB27CB,成衣段,53.19,都市：住,10000,208,持分移轉,00050000
RPQNMLLJMHIGFFB37CB,成衣段,38.87,都市：住,10000,152,持分移轉,00050000
RPPNMLMJMHIGFBB96CB,環中段,51.03,都市：住,10000,126,持分移轉,03080000
RPPNMLMJMHIGFDB17CB,大洲段,35.01,都市：住,10000,132,持分移轉,04770000
RPRNMLLJMHIGFFB47CB,國昌段,7.65,都市：住,47023,765,持分移轉,02330014
RPRNMLLJMHIGFFB47CB,國昌段,64.12,都市：住,1,1,全筆移轉,02330034
RPRNMLLJMHIGFFB47CB,國昌段,.02,都市：住,46,2,持分移轉,02330044
RPPNMLMJMHIGFCB07CB,廣福段,22.92,都市：農,100000,844,持分移轉,03360000
RPQNMLMJMHIGFCB17CB,建功段,.87,都市：住,100000,133,持分移轉,00040000
RPQNMLMJMHIGFCB17CB,建功段,2.33,都市：住,100000,133,持分移轉,00050000
RPQNMLMJMHIGFCB17CB,建功段,7.67,都市：住,100000,133,持分移轉,00060000
RPPNMLNJMHIGFIB77CB,新榮和段,20.87,都市：商,100000,250,持分移轉,00220000
RPRNMLNJMHIGFCB37CB,文商段,20.03,都市：商,100000,607,持分移轉,00220000
RPPNMLNJMHIGFHB67CB,三和段,.27,都市：住,10000,267,持分移轉,14520003
RPPNMLNJMHIGFHB67CB,三和段,.45,都市：住,10000,267,持分移轉,14520013
RPPNMLNJMHIGFHB67CB,三和段,.01,都市：住,10000,267,持分移轉,14520016
RPPNMLNJMHIGFFB47CB,興安西段,24.16,都市：住,100000,818,持分移轉,01960000
RPPNMLNJMHIGFHB67CB,三和段,21.17,都市：住,10000,267,持分移轉,14580000
RPQNMLNJMHIGFFB57CB,興安西段,22.86,都市：住,100000,774,持分移轉,01960000
RPPNMLNJMHIGFBB07CB,環中段,40.50,都市：住,10000,100,持分移轉,03080000
RPRNMLNJMHIGFFB67CB,興安西段,24.19,都市：住,100000,819,持分移轉,01960000
RPTNMLNJMHIGFFB87CB,興安西段,24.19,都市：住,100000,819,持分移轉,01960000
RPSNMLNJMHIGFFB77CB,興安西段,24.16,都市：住,100000,818,持分移轉,01960000
RPUNMLNJMHIGFFB97CB,興安西段,24.19,都市：住,100000,819,持分移轉,01960000
RPVNMLNJMHIGFFB08CB,興安西段,24.16,都市：住,100000,818,持分移轉,01960000
RPWNMLNJMHIGFFB18CB,新站段,22.12,都市：住,10000,33,持分移轉,00660000
RPOOMLNJMHIGFFB47CB,新站段,14.08,都市：住,10000,21,持分移轉,00660000
RPPOMLNJMHIGFFB57CB,新站段,16.76,都市：住,10000,25,持分移轉,00660000
RPSOMLNJMHIGFFB87CB,市鎮南段,12.98,都市：商,10000,29,持分移轉,01490000
RPTOMLNJMHIGFFB97CB,南簡段,19.24,都市：商,100000,925,持分移轉,09500002
RPXNMLNJMHIGFFB28CB,新站段,17.43,都市：住,10000,26,持分移轉,00660000
RPQOMLNJMHIGFFB67CB,市鎮南段,15.68,都市：商,10000,46,持分移轉,00150000
RPROMLNJMHIGFFB77CB,市鎮南段,13.29,都市：商,10000,39,持分移轉,00150000
RPUOMLNJMHIGFFB08CB,南簡段,19.18,都市：商,100000,922,持分移轉,09500002
RPPNMLNJMHIGFAB96CB,樹子腳段,17.16,都市：住,10000,68,持分移轉,00230000
RPQNMLNJMHIGFAB07CB,樹子腳段,10.35,都市：住,10000,41,持分移轉,00230000
RPPNMLNJMHIGFKB97CB,龍目井段龍目井小段,26.81,都市：住,100000,2385,持分移轉,00890000
RPPNMLNJMHIGFKB97CB,龍目井段龍目井小段,9.10,都市：住,50,1,持分移轉,00890006
RPQNMLNJMHIGFKB08CB,龍目井段龍目井小段,64.00,都市：住,1,1,全筆移轉,00890009
RPQNMLNJMHIGFKB08CB,龍目井段龍目井小段,9.10,都市：住,50,1,持分移轉,00890006
RPRNMLNJMHIGFKB18CB,龍目井段龍目井小段,31.20,都市：住,10000,729,持分移轉,00900069
RPRNMLNJMHIGFKB18CB,龍目井段龍目井小段,.69,都市：住,42,1,持分移轉,00900063
RPRNMLNJMHIGFKB18CB,龍目井段龍目井小段,9.71,都市：住,31,1,持分移轉,00900054
RPPNMLOJMHIGFFB57CB,新站段,21.04,都市：住,10000,105,持分移轉,00410000
RPPNMLOJMHIGFAB07CB,下橋子頭段,12.60,都市：商,100000,445,持分移轉,00170001
RPQNMLOJMHIGFAB17CB,公館段,18.16,都市：商,100000,1055,持分移轉,00610115
RPQNMLOJMHIGFFB67CB,新站段,24.85,都市：住,10000,124,持分移轉,00410000
RPRNMLOJMHIGFFB77CB,新站段,21.04,都市：住,10000,105,持分移轉,00410000
RPSNMLOJMHIGFFB87CB,新站段,21.04,都市：住,10000,105,持分移轉,00410000
RPTNMLOJMHIGFFB97CB,新站段,24.05,都市：住,10000,120,持分移轉,00410000
RPUNMLOJMHIGFFB08CB,新站段,21.04,都市：住,10000,105,持分移轉,00410000
RPPNMLPJMHIGFBB27CB,碧柳段,3.07,都市：住,100000,537,持分移轉,02150000
RPPNMLPJMHIGFBB27CB,碧柳段,3.34,都市：住,100000,537,持分移轉,02160000
RPPNMLPJMHIGFBB27CB,碧柳段,6.67,都市：住,100000,537,持分移轉,02170000
RPPNMLPJMHIGFBB27CB,碧柳段,10.61,都市：住,100000,537,持分移轉,02180000
RPPNMLPJMHIGFDB47CB,大順段,9.46,都市：住,100000,1841,持分移轉,03090000
RPPNMLPJMHIGFDB47CB,大順段,2.68,都市：住,100000,1841,持分移轉,03100000
RPPNMLPJMHIGFCB37CB,惠順段,5.46,都市：商,100000,227,持分移轉,01190000
RPPNMLQJMHIGFDB57CB,豐田段,20.78,都市：住,100000,295,持分移轉,01110000
RPPNMLPJMHIGFKB18CB,中社段,50.26,都市：住,1,1,全筆移轉,04760000
RPPNMLPJMHIGFKB18CB,中社段,8.58,都市：住,66,1,持分移轉,05760000
RPPNMLPJMHIGFKB18CB,中社段,12.44,都市：住,66,1,持分移轉,05140000
RPQNMLPJMHIGFDB57CB,大順段,9.45,都市：住,100000,1839,持分移轉,03090000
RPQNMLPJMHIGFDB57CB,大順段,2.68,都市：住,100000,1839,持分移轉,03100000
RPPNMLPJMHIGFKB18CB,中社段,40.90,都市：其他:保護區,241,1,持分移轉,02620000
RPVNMLOJMHIGFFB18CB,新站段,21.04,都市：住,10000,105,持分移轉,00410000
RPTNMLQJMHIGFDB97CB,大社東段,50.66,都市：住,5,1,持分移轉,10030001
RPTNMLQJMHIGFDB97CB,大社東段,129.06,都市：住,1,1,全筆移轉,10030000
RPUNMLQJMHIGFDB08CB,后寶段,8.11,非都市：鄉村區 ; 非都市編定：乙種建築用地,100000,363,持分移轉,09070000
RPUNMLQJMHIGFDB08CB,后寶段,4.38,非都市：鄉村區 ; 非都市編定：乙種建築用地,100000,363,持分移轉,09080000
RPUNMLQJMHIGFDB08CB,后寶段,1.20,非都市：鄉村區 ; 非都市編定：乙種建築用地,100000,363,持分移轉,09090000
RPUNMLQJMHIGFDB08CB,后寶段,5.31,非都市：鄉村區 ; 非都市編定：乙種建築用地,100000,363,持分移轉,09100000
RPUNMLQJMHIGFDB08CB,后寶段,1.78,非都市：鄉村區 ; 非都市編定：乙種建築用地,100000,363,持分移轉,09110000
RPWNMLQJMHIGFDB28CB,大順段,15.40,都市：住,100000,2998,持分移轉,03090000
RPXNMLQJMHIGFDB38CB,大順段,15.40,都市：住,100000,2998,持分移轉,03090000
RPWNMLQJMHIGFDB28CB,大順段,4.36,都市：住,100000,2998,持分移轉,03100000
RPXNMLQJMHIGFDB38CB,大順段,4.36,都市：住,100000,2998,持分移轉,03100000
RPVNMLQJMHIGFDB18CB,大順段,9.52,都市：住,100000,1853,持分移轉,03090000
RPVNMLQJMHIGFDB18CB,大順段,2.70,都市：住,100000,1853,持分移轉,03100000
RPPNMLQJMHIGFJB18CB,育賢段,15.19,都市：住,100000,410,持分移轉,02020000
RPOOMLQJMHIGFDB57CB,大順段,9.47,都市：住,100000,1844,持分移轉,03090000
RPPOMLQJMHIGFDB67CB,大順段,9.52,都市：住,100000,1853,持分移轉,03090000
RPOOMLQJMHIGFDB57CB,大順段,2.68,都市：住,100000,1844,持分移轉,03100000
RPPOMLQJMHIGFDB67CB,大順段,2.70,都市：住,100000,1853,持分移轉,03100000
RPTNMLQJMHIGFJB58CB,新福段,21.60,都市：住,10000,101,持分移轉,00440000
RPUNMLQJMHIGFJB68CB,新福段,21.60,都市：住,10000,101,持分移轉,00440000
RPQNMLQJMHIGFJB28CB,育賢段,15.19,都市：住,100000,410,持分移轉,02020000
RPVNMLQJMHIGFJB78CB,新福段,21.82,都市：住,10000,102,持分移轉,00440000
RPXNMLQJMHIGFJB98CB,育賢段,26.56,都市：住,100000,453,持分移轉,02100000
RPWNMLQJMHIGFJB88CB,育賢段,23.51,都市：住,100000,401,持分移轉,02100000
RPPNMLQJMHIGFCB47CB,信安段,44.60,都市：住,100000,522,持分移轉,06910000
RPPNMLQJMHIGFCB47CB,信安段,13.77,都市：住,100000,522,持分移轉,07020000
RPQNMLQJMHIGFCB57CB,信安段,35.44,都市：住,100000,535,持分移轉,06980000
RPQNMLQJMHIGFCB57CB,信安段,9.30,都市：住,100000,535,持分移轉,07000000
RPOOMLQJMHIGFJB18CB,育賢段,23.51,都市：住,100000,401,持分移轉,02100000
RPRNMLQJMHIGFCB67CB,惠國段,13.96,都市：其他:第六種新市政中心專用區,100000,768,持分移轉,01010000
RPTNMLQJMHIGFCB87CB,大進段,.58,都市：住,100000,530,持分移轉,09150001
RPTNMLQJMHIGFCB87CB,大進段,.58,都市：住,100000,530,持分移轉,09150002
RPTNMLQJMHIGFCB87CB,大進段,.58,都市：住,100000,530,持分移轉,09150003
RPTNMLQJMHIGFCB87CB,大進段,.58,都市：住,100000,530,持分移轉,09150004
RPTNMLQJMHIGFCB87CB,大進段,.58,都市：住,100000,530,持分移轉,09150005
RPTNMLQJMHIGFCB87CB,大進段,.58,都市：住,100000,530,持分移轉,09150006
RPTNMLQJMHIGFCB87CB,大進段,.58,都市：住,100000,530,持分移轉,09150007
RPTNMLQJMHIGFCB87CB,大進段,.58,都市：住,100000,530,持分移轉,09150008
RPTNMLQJMHIGFCB87CB,大進段,.58,都市：住,100000,530,持分移轉,09150009
RPTNMLQJMHIGFCB87CB,大進段,.58,都市：住,100000,530,持分移轉,09150010
RPTNMLQJMHIGFCB87CB,大進段,.58,都市：住,100000,530,持分移轉,09150011
RPSNMLQJMHIGFCB77CB,大進段,.83,都市：住,100000,762,持分移轉,09150001
RPTNMLQJMHIGFCB87CB,大進段,.33,都市：住,100000,530,持分移轉,09280000
RPSNMLQJMHIGFCB77CB,大進段,.83,都市：住,100000,762,持分移轉,09150002
RPTNMLQJMHIGFCB87CB,大進段,.97,都市：住,100000,530,持分移轉,09280005
RPSNMLQJMHIGFCB77CB,大進段,.83,都市：住,100000,762,持分移轉,09150003
RPTNMLQJMHIGFCB87CB,大進段,.34,都市：住,100000,530,持分移轉,09300000
RPSNMLQJMHIGFCB77CB,大進段,.83,都市：住,100000,762,持分移轉,09150004
RPTNMLQJMHIGFCB87CB,大進段,.34,都市：住,100000,530,持分移轉,09300001
RPSNMLQJMHIGFCB77CB,大進段,.83,都市：住,100000,762,持分移轉,09150005
RPTNMLQJMHIGFCB87CB,大進段,1.01,都市：住,100000,530,持分移轉,09300002
RPSNMLQJMHIGFCB77CB,大進段,.83,都市：住,100000,762,持分移轉,09150006
RPTNMLQJMHIGFCB87CB,大進段,1.01,都市：住,100000,530,持分移轉,09300003
RPSNMLQJMHIGFCB77CB,大進段,.83,都市：住,100000,762,持分移轉,09150007
RPSNMLQJMHIGFCB77CB,大進段,.83,都市：住,100000,762,持分移轉,09150008
RPSNMLQJMHIGFCB77CB,大進段,.83,都市：住,100000,762,持分移轉,09150009
RPSNMLQJMHIGFCB77CB,大進段,.84,都市：住,100000,762,持分移轉,09150010
RPSNMLQJMHIGFCB77CB,大進段,.84,都市：住,100000,762,持分移轉,09150011
RPSNMLQJMHIGFCB77CB,大進段,.48,都市：住,100000,762,持分移轉,09280000
RPSNMLQJMHIGFCB77CB,大進段,1.39,都市：住,100000,762,持分移轉,09280005
RPSNMLQJMHIGFCB77CB,大進段,.49,都市：住,100000,762,持分移轉,09300000
RPSNMLQJMHIGFCB77CB,大進段,.49,都市：住,100000,762,持分移轉,09300001
RPSNMLQJMHIGFCB77CB,大進段,1.46,都市：住,100000,762,持分移轉,09300002
RPSNMLQJMHIGFCB77CB,大進段,1.46,都市：住,100000,762,持分移轉,09300003
RPVNMLQJMHIGFCB08CB,惠來厝段,1.84,都市：住,100000,280,持分移轉,03050000
RPVNMLQJMHIGFCB08CB,惠來厝段,6.21,都市：住,100000,280,持分移轉,03110000
RPVNMLQJMHIGFCB08CB,惠來厝段,7.84,都市：住,100000,280,持分移轉,03140000
RPVNMLQJMHIGFCB08CB,惠來厝段,.34,都市：住,100000,280,持分移轉,03140003
RPUNMLQJMHIGFCB97CB,永春段,23.00,都市：住,100000,809,持分移轉,01050000
RPUNMLQJMHIGFCB97CB,永春段,1.38,都市：住,100000,46,持分移轉,01060004
RPWNMLQJMHIGFCB18CB,惠來厝段,1.84,都市：住,100000,280,持分移轉,03050000
RPWNMLQJMHIGFCB18CB,惠來厝段,6.21,都市：住,100000,280,持分移轉,03110000
RPWNMLQJMHIGFCB18CB,惠來厝段,7.84,都市：住,100000,280,持分移轉,03140000
RPWNMLQJMHIGFCB18CB,惠來厝段,.34,都市：住,100000,280,持分移轉,03140003
RPPOMLQJMHIGFCB57CB,惠來厝段,2.96,都市：住,100000,451,持分移轉,03050000
RPPOMLQJMHIGFCB57CB,惠來厝段,10.01,都市：住,100000,451,持分移轉,03110000
RPPOMLQJMHIGFCB57CB,惠來厝段,12.63,都市：住,100000,451,持分移轉,03140000
RPPOMLQJMHIGFCB57CB,惠來厝段,.54,都市：住,100000,451,持分移轉,03140003
RPQOMLQJMHIGFCB67CB,福德段,8.01,都市：住,100000,915,持分移轉,00370000
RPQOMLQJMHIGFCB67CB,福德段,9.14,都市：住,100000,915,持分移轉,00420000
RPXNMLQJMHIGFCB28CB,惠來厝段,2.58,都市：住,100000,392,持分移轉,03050000
RPXNMLQJMHIGFCB28CB,惠來厝段,8.70,都市：住,100000,392,持分移轉,03110000
RPXNMLQJMHIGFCB28CB,惠來厝段,10.98,都市：住,100000,392,持分移轉,03140000
RPXNMLQJMHIGFCB28CB,惠來厝段,.47,都市：住,100000,392,持分移轉,03140003
RPPNMLQJMHIGFIB08CB,北新段,23.51,都市：住,10000,37,持分移轉,10540000
RPOOMLQJMHIGFCB47CB,惠來厝段,2.96,都市：住,100000,451,持分移轉,03050000
RPOOMLQJMHIGFCB47CB,惠來厝段,10.01,都市：住,100000,451,持分移轉,03110000
RPOOMLQJMHIGFCB47CB,惠來厝段,12.63,都市：住,100000,451,持分移轉,03140000
RPOOMLQJMHIGFCB47CB,惠來厝段,.54,都市：住,100000,451,持分移轉,03140003
RPQNMLQJMHIGFIB18CB,新高鐵段,14.91,都市：商,100000,106,持分移轉,00310000
RPRNMLQJMHIGFIB28CB,新高鐵段,15.34,都市：商,100000,109,持分移轉,00310000
RPSNMLQJMHIGFIB38CB,新高鐵段,14.91,都市：商,100000,106,持分移轉,00310000
RPTNMLQJMHIGFIB48CB,新高鐵段,9.99,都市：商,100000,71,持分移轉,00310000
RPVNMLQJMHIGFIB68CB,新高鐵段,12.10,都市：商,100000,86,持分移轉,00310000
RPWNMLQJMHIGFIB78CB,新高鐵段,13.79,都市：商,100000,98,持分移轉,00310000
RPOOMLQJMHIGFIB08CB,新高鐵段,16.88,都市：商,100000,120,持分移轉,00310000
RPXNMLQJMHIGFIB88CB,新高鐵段,11.54,都市：商,100000,82,持分移轉,00310000
RPPOMLQJMHIGFIB18CB,新高鐵段,13.65,都市：商,100000,97,持分移轉,00310000
RPUNMLQJMHIGFIB58CB,新高鐵段,13.93,都市：商,100000,99,持分移轉,00310000
RPQOMLQJMHIGFIB28CB,北新段,17.16,都市：住,10000,27,持分移轉,10540000
RPROMLQJMHIGFIB38CB,北新段,11.44,都市：住,10000,18,持分移轉,10540000
RPSOMLQJMHIGFIB48CB,北新段,11.44,都市：住,10000,18,持分移轉,10540000
RPVOMLQJMHIGFIB78CB,北新段,11.44,都市：住,10000,18,持分移轉,10540000
RPTOMLQJMHIGFIB58CB,北新段,23.51,都市：住,10000,37,持分移轉,10540000
RPWOMLQJMHIGFIB88CB,北新段,24.15,都市：住,10000,38,持分移轉,10540000
RPOPMLQJMHIGFIB18CB,北新段,11.44,都市：住,10000,18,持分移轉,10540000
RPPNMLQJMHIGFKB28CB,中山段,22.22,都市：住,100000,5597,持分移轉,12050000
RPPNMLQJMHIGFKB28CB,中山段,.24,都市：住,100000,1409,持分移轉,12050007
RPPNMLQJMHIGFKB28CB,中山段,2.45,都市：住,100000,1409,持分移轉,12050013
RPPNMLQJMHIGFKB28CB,中山段,2.24,都市：住,100000,1409,持分移轉,12050026
RPPNMLQJMHIGFKB28CB,中山段,3.35,都市：住,100000,1409,持分移轉,12050033
RPPNMLQJMHIGFKB28CB,中山段,5.09,都市：住,100000,1409,持分移轉,12050034
RPPNMLQJMHIGFKB28CB,中山段,.01,都市：住,100000,1409,持分移轉,12050036
RPXOMLQJMHIGFIB98CB,北新段,18.43,都市：住,10000,29,持分移轉,10540000
RPQNMLQJMHIGFKB38CB,中社段,30.06,都市：住,542499,3006,持分移轉,07000000
RPRNMLQJMHIGFKB48CB,中社段,33.15,都市：住,542499,3315,持分移轉,07000000
RPTNMLQJMHIGFKB68CB,龍崗段,25.80,都市：住,100000,1151,持分移轉,00800000
RPUNMLQJMHIGFKB78CB,龍崗段,26.56,都市：住,100000,1185,持分移轉,00800000
RPQNMLQJMHIGFBB47CB,文北段,28.01,都市：住,100000,418,持分移轉,01170000
RPRNMLQJMHIGFBB57CB,文北段,26.80,都市：住,100000,400,持分移轉,01170000
RPPNMLQJMHIGFBB37CB,文北段,26.60,都市：住,100000,397,持分移轉,01170000
RPTNMLQJMHIGFBB77CB,文北段,23.72,都市：住,100000,354,持分移轉,01170000
RPSNMLQJMHIGFBB67CB,文北段,23.52,都市：住,100000,351,持分移轉,01170000
RPVNMLQJMHIGFBB97CB,文北段,26.80,都市：住,100000,400,持分移轉,01170000
RPUNMLQJMHIGFBB87CB,文北段,22.18,都市：住,100000,331,持分移轉,01170000
RPWNMLQJMHIGFBB08CB,文北段,26.80,都市：住,100000,400,持分移轉,01170000
RPXNMLQJMHIGFBB18CB,文北段,23.72,都市：住,100000,354,持分移轉,01170000
RPOOMLQJMHIGFBB37CB,文北段,28.01,都市：住,100000,418,持分移轉,01170000
RPPOMLQJMHIGFBB47CB,文北段,26.80,都市：住,100000,400,持分移轉,01170000
RPQOMLQJMHIGFBB57CB,文北段,28.01,都市：住,100000,418,持分移轉,01170000
RPROMLQJMHIGFBB67CB,文北段,28.01,都市：住,100000,418,持分移轉,01170000
RPSOMLQJMHIGFBB77CB,文北段,26.60,都市：住,100000,397,持分移轉,01170000
RPTOMLQJMHIGFBB87CB,溝背段,22.14,都市：住,100000,595,持分移轉,01430000
RPVOMLQJMHIGFBB08CB,平田段,24.51,都市：住,100000,1023,持分移轉,09580000
RPVOMLQJMHIGFBB08CB,仁平段,1.75,都市：住,100000,1023,持分移轉,03800000
RPWOMLQJMHIGFBB18CB,平田段,21.56,都市：住,100000,900,持分移轉,09580000
RPWOMLQJMHIGFBB18CB,仁平段,1.54,都市：住,100000,900,持分移轉,03800000
RPXOMLQJMHIGFBB28CB,平田段,24.51,都市：住,100000,1023,持分移轉,09580000
RPXOMLQJMHIGFBB28CB,仁平段,1.75,都市：住,100000,1023,持分移轉,03800000
RPOPMLQJMHIGFBB47CB,平田段,24.51,都市：住,100000,1023,持分移轉,09580000
RPOPMLQJMHIGFBB47CB,仁平段,1.75,都市：住,100000,1023,持分移轉,03800000
RPUOMLQJMHIGFBB97CB,溝背段,25.86,都市：住,100000,695,持分移轉,01430000
RPPPMLQJMHIGFBB57CB,仁平段,53.54,都市：住,100000,1121,持分移轉,02660000
RPRPMLQJMHIGFBB77CB,仁平段,53.78,都市：住,100000,1126,持分移轉,02660000
RPQPMLQJMHIGFBB67CB,仁平段,53.63,都市：住,100000,1123,持分移轉,02660000
RPSPMLQJMHIGFBB87CB,仁平段,53.54,都市：住,100000,1121,持分移轉,02660000
RPTPMLQJMHIGFBB97CB,賴厝廍段,5.16,都市：住,100000,288,持分移轉,00860004
RPTPMLQJMHIGFBB97CB,賴厝廍段,2.77,都市：住,100000,288,持分移轉,00860085
RPUPMLQJMHIGFBB08CB,賴厝廍段,5.27,都市：住,100000,294,持分移轉,00860004
RPUPMLQJMHIGFBB08CB,賴厝廍段,2.83,都市：住,100000,294,持分移轉,00860085
RPPNMLQJMHIGFAB37DB,大益段,5.73,都市：住,1000000,16909,持分移轉,08870000
RPPNMLQJMHIGFAB37DB,大益段,7.71,都市：住,1000000,16909,持分移轉,08880000
RPPNMLQJMHIGFAB37DB,大益段,7.73,都市：住,1000000,16909,持分移轉,08880001
RPQNMLQJMHIGFAB47DB,大益段,5.73,都市：住,1000000,16909,持分移轉,08870000
RPQNMLQJMHIGFAB47DB,大益段,7.71,都市：住,1000000,16909,持分移轉,08880000
RPQNMLQJMHIGFAB47DB,大益段,7.73,都市：住,1000000,16909,持分移轉,08880001
RPRNMLQJMHIGFAB57DB,大益段,5.73,都市：住,1000000,16909,持分移轉,08870000
RPRNMLQJMHIGFAB57DB,大益段,7.71,都市：住,1000000,16909,持分移轉,08880000
RPRNMLQJMHIGFAB57DB,大益段,7.73,都市：住,1000000,16909,持分移轉,08880001
RPUNMLQJMHIGFAB87DB,大益段,5.61,都市：住,1000000,16542,持分移轉,08870000
RPUNMLQJMHIGFAB87DB,大益段,7.54,都市：住,1000000,16542,持分移轉,08880000
RPUNMLQJMHIGFAB87DB,大益段,7.56,都市：住,1000000,16542,持分移轉,08880001
RPTNMLQJMHIGFAB77DB,大益段,5.61,都市：住,1000000,16542,持分移轉,08870000
RPTNMLQJMHIGFAB77DB,大益段,7.54,都市：住,1000000,16542,持分移轉,08880000
RPTNMLQJMHIGFAB77DB,大益段,7.56,都市：住,1000000,16542,持分移轉,08880001
RPVNMLQJMHIGFAB97DB,大益段,5.61,都市：住,1000000,16542,持分移轉,08870000
RPVNMLQJMHIGFAB97DB,大益段,7.54,都市：住,1000000,16542,持分移轉,08880000
RPVNMLQJMHIGFAB97DB,大益段,7.56,都市：住,1000000,16542,持分移轉,08880001
RPWNMLQJMHIGFAB08DB,大益段,5.61,都市：住,1000000,16542,持分移轉,08870000
RPWNMLQJMHIGFAB08DB,大益段,7.54,都市：住,1000000,16542,持分移轉,08880000
RPWNMLQJMHIGFAB08DB,大益段,7.56,都市：住,1000000,16542,持分移轉,08880001
RPSNMLQJMHIGFAB67DB,大益段,5.61,都市：住,1000000,16542,持分移轉,08870000
RPSNMLQJMHIGFAB67DB,大益段,7.54,都市：住,1000000,16542,持分移轉,08880000
RPSNMLQJMHIGFAB67DB,大益段,7.56,都市：住,1000000,16542,持分移轉,08880001
RPOOMLQJMHIGFAB37DB,大益段,5.61,都市：住,1000000,16542,持分移轉,08870000
RPOOMLQJMHIGFAB37DB,大益段,7.54,都市：住,1000000,16542,持分移轉,08880000
RPOOMLQJMHIGFAB37DB,大益段,7.56,都市：住,1000000,16542,持分移轉,08880001
RPQOMLQJMHIGFAB57DB,大益段,4.67,都市：住,1000000,13762,持分移轉,08870000
RPQOMLQJMHIGFAB57DB,大益段,6.28,都市：住,1000000,13762,持分移轉,08880000
RPQOMLQJMHIGFAB57DB,大益段,6.29,都市：住,1000000,13762,持分移轉,08880001
RPPOMLQJMHIGFAB47DB,大益段,6.64,都市：住,1000000,19601,持分移轉,08870000
RPPOMLQJMHIGFAB47DB,大益段,8.94,都市：住,1000000,19601,持分移轉,08880000
RPPOMLQJMHIGFAB47DB,大益段,8.96,都市：住,1000000,19601,持分移轉,08880001
RPROMLQJMHIGFAB67DB,大益段,4.04,都市：住,1000000,11925,持分移轉,08870000
RPROMLQJMHIGFAB67DB,大益段,5.44,都市：住,1000000,11925,持分移轉,08880000
RPROMLQJMHIGFAB67DB,大益段,5.45,都市：住,1000000,11925,持分移轉,08880001
RPSOMLQJMHIGFAB77DB,大益段,5.73,都市：住,1000000,16909,持分移轉,08870000
RPSOMLQJMHIGFAB77DB,大益段,7.71,都市：住,1000000,16909,持分移轉,08880000
RPSOMLQJMHIGFAB77DB,大益段,7.73,都市：住,1000000,16909,持分移轉,08880001
RPTOMLQJMHIGFAB87DB,大益段,5.73,都市：住,1000000,16909,持分移轉,08870000
RPTOMLQJMHIGFAB87DB,大益段,7.71,都市：住,1000000,16909,持分移轉,08880000
RPTOMLQJMHIGFAB87DB,大益段,7.73,都市：住,1000000,16909,持分移轉,08880001
RPUOMLQJMHIGFAB97DB,大益段,5.61,都市：住,1000000,16542,持分移轉,08870000
RPUOMLQJMHIGFAB97DB,大益段,7.54,都市：住,1000000,16542,持分移轉,08880000
RPUOMLQJMHIGFAB97DB,大益段,7.56,都市：住,1000000,16542,持分移轉,08880001
RPVOMLQJMHIGFAB08DB,大益段,5.73,都市：住,1000000,16909,持分移轉,08870000
RPVOMLQJMHIGFAB08DB,大益段,7.71,都市：住,1000000,16909,持分移轉,08880000
RPVOMLQJMHIGFAB08DB,大益段,7.73,都市：住,1000000,16909,持分移轉,08880001
RPWOMLQJMHIGFAB18DB,大益段,5.61,都市：住,1000000,16542,持分移轉,08870000
RPWOMLQJMHIGFAB18DB,大益段,7.54,都市：住,1000000,16542,持分移轉,08880000
RPWOMLQJMHIGFAB18DB,大益段,7.56,都市：住,1000000,16542,持分移轉,08880001
RPSNMLQJMHIGFFB08CB,興安西段,20.57,都市：住,10000,45,持分移轉,00880000
RPQNMLQJMHIGFFB87CB,庄北段,25.95,都市：住,10000,161,持分移轉,10720000
RPTNMLQJMHIGFFB18CB,興安西段,28.34,都市：住,10000,62,持分移轉,00880000
RPPOMLQJMHIGFAB37CB,樹子腳段,9.91,都市：商,100000,411,持分移轉,12110000
RPROMLQJMHIGFAB57CB,樹子腳段,10.90,都市：商,100000,452,持分移轉,12110000
RPTOMLQJMHIGFAB77CB,樹子腳段,9.91,都市：商,100000,411,持分移轉,12110000
RPUOMLQJMHIGFAB87CB,樹子腳段,11.96,都市：商,100000,496,持分移轉,12110000
RPSOMLQJMHIGFAB67CB,樹子腳段,11.02,都市：商,100000,457,持分移轉,12110000
RPVOMLQJMHIGFAB97CB,樹子腳段,9.14,都市：商,100000,379,持分移轉,12110000
RPWOMLQJMHIGFAB08CB,樹子腳段,11.96,都市：商,100000,496,持分移轉,12110000
RPXOMLQJMHIGFAB18CB,樹子腳段,10.90,都市：商,100000,452,持分移轉,12110000
RPOPMLQJMHIGFAB37CB,樹子腳段,9.91,都市：商,100000,411,持分移轉,12110000
RPQOMLQJMHIGFAB47CB,樹子腳段,14.27,都市：商,100000,592,持分移轉,12110000
RPPNMLQJMHIGFEB67CB,安農段,75.00,非都市：鄉村區 ; 非都市編定：乙種建築用地,1,1,全筆移轉,09110012
RPPNMLQJMHIGFIB18DB,仁美段,5.37,非都市：一般農業區 ; 非都市編定：甲種建築用地,1,1,全筆移轉,13230022
RPPNMLQJMHIGFIB18DB,仁城段,52.62,非都市：鄉村區 ; 非都市編定：乙種建築用地,1,1,全筆移轉,07070008
RPPNMLQJMHIGFIB18DB,仁美段,16.06,非都市：一般農業區 ; 非都市編定：甲種建築用地,50,1,持分移轉,13230000
RPPNMLQJMHIGFIB18DB,仁美段,4.29,都市：住,50,1,持分移轉,13240001
RPPNMLQJMHIGFIB18DB,仁美段,1.10,都市：住,50,1,持分移轉,13240004
RPPNMLQJMHIGFIB18DB,仁城段,1.83,非都市：鄉村區 ; 非都市編定：乙種建築用地,50,1,持分移轉,07070000
RPPNMLQJMHIGFIB18DB,仁城段,.09,非都市：鄉村區 ; 非都市編定：乙種建築用地,50,1,持分移轉,07070001
RPQNMLQJMHIGFKB48DB,仁德段,28.96,都市：農,100000,2879,持分移轉,08780000
RPQNMLQJMHIGFIB28DB,仁城段,55.86,非都市：鄉村區 ; 非都市編定：乙種建築用地,1,1,全筆移轉,07070003
RPQNMLQJMHIGFIB28DB,仁美段,16.06,非都市：一般農業區 ; 非都市編定：甲種建築用地,50,1,持分移轉,13230000
RPQNMLQJMHIGFIB28DB,仁美段,4.29,都市：住,50,1,持分移轉,13240001
RPQNMLQJMHIGFIB28DB,仁美段,1.10,都市：住,50,1,持分移轉,13240004
RPQNMLQJMHIGFIB28DB,仁城段,1.83,非都市：鄉村區 ; 非都市編定：乙種建築用地,50,1,持分移轉,07070000
RPQNMLQJMHIGFIB28DB,仁城段,.09,非都市：鄉村區 ; 非都市編定：乙種建築用地,50,1,持分移轉,07070001
RPRNMLQJMHIGFKB58DB,仁德段,29.97,都市：農,100000,2979,持分移轉,08780000
RPPNMLRJMHIGFAB37CB,頂橋子頭段,18.95,都市：商,100000,1629,持分移轉,03670099
RPPNMLRJMHIGFAB37CB,頂橋子頭段,2.72,都市：住,100000,1629,持分移轉,03670114
RPSNMLQJMHIGFKB68DB,仁德段,45.83,都市：農,100000,4556,持分移轉,08780000
RPPNMLRJMHIGFFB87CB,保成段,1.04,都市：住,100000,348,持分移轉,04580000
RPPNMLRJMHIGFFB87CB,保成段,5.86,都市：住,100000,348,持分移轉,04600000
RPPNMLRJMHIGFFB87CB,保成段,1.94,都市：住,100000,348,持分移轉,04610000
RPPNMLRJMHIGFFB87CB,保成段,1.99,都市：住,100000,348,持分移轉,04620000
RPPNMLRJMHIGFFB87CB,保成段,2.49,都市：住,100000,348,持分移轉,04630000
RPPNMLRJMHIGFFB87CB,保成段,6.33,都市：住,100000,348,持分移轉,04640000
RPPNMLRJMHIGFFB87CB,保成段,.48,都市：住,100000,348,持分移轉,04650000
RPPNMLRJMHIGFFB87CB,保成段,2.27,都市：住,100000,348,持分移轉,04820000
RPTNMLRJMHIGFFB28CB,庄北段,24.34,都市：住,10000,151,持分移轉,10720000
RPQNMLRJMHIGFFB97CB,保成段,1.70,都市：住,100000,568,持分移轉,04580000
RPQNMLRJMHIGFFB97CB,保成段,9.56,都市：住,100000,568,持分移轉,04600000
RPQNMLRJMHIGFFB97CB,保成段,3.17,都市：住,100000,568,持分移轉,04610000
RPQNMLRJMHIGFFB97CB,保成段,3.24,都市：住,100000,568,持分移轉,04620000
RPQNMLRJMHIGFFB97CB,保成段,4.06,都市：住,100000,568,持分移轉,04630000
RPQNMLRJMHIGFFB97CB,保成段,10.33,都市：住,100000,568,持分移轉,04640000
RPQNMLRJMHIGFFB97CB,保成段,.78,都市：住,100000,568,持分移轉,04650000
RPQNMLRJMHIGFFB97CB,保成段,3.70,都市：住,100000,568,持分移轉,04820000
RPPNMLRJMHIGFBB47CB,文北段,23.47,都市：住,100000,538,持分移轉,00130000
RPPNMLRJMHIGFGB97CB,和興段,79.92,都市：住,1,1,全筆移轉,02560006
RPPNMLRJMHIGFGB97CB,和興段,16.07,都市：住,30,1,持分移轉,02560012
RPPNMLRJMHIGFGB97CB,和興段,.12,都市：住,30,1,持分移轉,02560043
RPPNMLRJMHIGFKB38CB,龍田段,8.27,都市：住,30,1,持分移轉,10480001
RPPNMLRJMHIGFKB38CB,龍田段,6.33,都市：住,30,1,持分移轉,10490001
RPPNMLRJMHIGFKB38CB,龍田段,9.07,都市：住,30,1,持分移轉,10480010
RPPNMLRJMHIGFKB38CB,龍田段,9.17,都市：住,30,1,持分移轉,10490011
RPPNMLRJMHIGFKB38CB,龍田段,62.00,都市：住,1,1,全筆移轉,10480012
RPRNMLRJMHIGFFB08CB,保成段,1.04,都市：住,100000,348,持分移轉,04580000
RPRNMLRJMHIGFFB08CB,保成段,5.86,都市：住,100000,348,持分移轉,04600000
RPRNMLRJMHIGFFB08CB,保成段,1.94,都市：住,100000,348,持分移轉,04610000
RPRNMLRJMHIGFFB08CB,保成段,1.99,都市：住,100000,348,持分移轉,04620000
RPPNMLRJMHIGFCB57CB,建功段,.90,都市：住,100000,138,持分移轉,00040000
RPRNMLRJMHIGFFB08CB,保成段,2.49,都市：住,100000,348,持分移轉,04630000
RPPNMLRJMHIGFCB57CB,建功段,2.41,都市：住,100000,138,持分移轉,00050000
RPRNMLRJMHIGFFB08CB,保成段,6.33,都市：住,100000,348,持分移轉,04640000
RPPNMLRJMHIGFCB57CB,建功段,7.95,都市：住,100000,138,持分移轉,00060000
RPRNMLRJMHIGFFB08CB,保成段,.48,都市：住,100000,348,持分移轉,04650000
RPRNMLRJMHIGFFB08CB,保成段,2.27,都市：住,100000,348,持分移轉,04820000
RPRNMLRJMHIGFCB77CB,福德段,13.19,都市：住,100000,856,持分移轉,01110000
RPQNMLRJMHIGFCB67CB,建功段,1.18,都市：住,100000,181,持分移轉,00040000
RPRNMLRJMHIGFCB77CB,福德段,1.78,都市：住,100000,856,持分移轉,01140000
RPQNMLRJMHIGFCB67CB,建功段,3.17,都市：住,100000,181,持分移轉,00050000
RPRNMLRJMHIGFCB77CB,福德段,1.71,都市：住,100000,856,持分移轉,01140001
RPQNMLRJMHIGFCB67CB,建功段,10.43,都市：住,100000,181,持分移轉,00060000
RPRNMLRJMHIGFCB77CB,福德段,1.71,都市：住,100000,856,持分移轉,01140002
RPRNMLRJMHIGFCB77CB,福德段,1.71,都市：住,100000,856,持分移轉,01140003
RPRNMLRJMHIGFCB77CB,福德段,3.61,都市：住,100000,856,持分移轉,01150000
RPSNMLRJMHIGFCB87CB,福德段,17.85,都市：住,100000,1158,持分移轉,01110000
RPSNMLRJMHIGFCB87CB,福德段,2.41,都市：住,100000,1158,持分移轉,01140000
RPSNMLRJMHIGFCB87CB,福德段,2.32,都市：住,100000,1158,持分移轉,01140001
RPSNMLRJMHIGFCB87CB,福德段,2.32,都市：住,100000,1158,持分移轉,01140002
RPSNMLRJMHIGFCB87CB,福德段,2.32,都市：住,100000,1158,持分移轉,01140003
RPSNMLRJMHIGFCB87CB,福德段,4.89,都市：住,100000,1158,持分移轉,01150000
RPRNMLRJMHIGFJB48CB,愛平段,31.05,都市：住,100000,1295,持分移轉,10500000
RPRNMLRJMHIGFJB48CB,福平段,2.12,都市：住,100000,1295,持分移轉,00090000
RPPNMLRJMHIGFJB28CB,樹德段,29.78,都市：住,100000,1718,持分移轉,00220000
RPSNMLRJMHIGFJB58CB,愛平段,30.96,都市：住,100000,1291,持分移轉,10500000
RPSNMLRJMHIGFJB58CB,福平段,2.12,都市：住,100000,1291,持分移轉,00090000
RPUNMLRJMHIGFJB78CB,樹德段,30.00,都市：住,100000,1731,持分移轉,00220000
RPPNMLRJMHIGFDB67CB,南村段,15.09,都市：商,100000,227,持分移轉,05460000
RPTNMLRJMHIGFJB68CB,壽平段,32.14,都市：住,100000,1094,持分移轉,05400000
RPSNMLRJMHIGFFB28DB,鹿寮段,27.55,都市：住,100000,1023,持分移轉,08640000
RPRNMLSJMHIGFBB77CB,碧柳段,9.20,都市：商,100000,96,持分移轉,00020000
RPPNMLRJMHIGFFB97DB,鹿寮段,22.24,都市：住,100000,826,持分移轉,08640000
RPSNMLSJMHIGFBB87CB,東山段,3.51,都市：住,10000,128,持分移轉,03150000
RPSNMLSJMHIGFBB87CB,東山段,1.00,都市：住,10000,128,持分移轉,03150001
RPSNMLSJMHIGFBB87CB,東山段,1.00,都市：住,10000,128,持分移轉,03150002
RPRNMLRJMHIGFDB87CB,南村段,15.09,都市：商,100000,227,持分移轉,05460000
RPSNMLSJMHIGFBB87CB,東山段,1.00,都市：住,10000,128,持分移轉,03150003
RPSNMLSJMHIGFBB87CB,東山段,3.48,都市：住,10000,128,持分移轉,03150004
RPSNMLSJMHIGFBB87CB,東山段,8.82,都市：住,10000,128,持分移轉,03150005
RPSNMLSJMHIGFBB87CB,東山段,1.46,都市：住,10000,128,持分移轉,03160003
RPSNMLSJMHIGFBB87CB,東山段,1.66,都市：住,10000,128,持分移轉,03160004
RPTNMLSJMHIGFBB97CB,東山段,3.51,都市：住,10000,128,持分移轉,03150000
RPTNMLSJMHIGFBB97CB,東山段,1.00,都市：住,10000,128,持分移轉,03150001
RPTNMLSJMHIGFBB97CB,東山段,1.00,都市：住,10000,128,持分移轉,03150002
RPTNMLSJMHIGFBB97CB,東山段,1.00,都市：住,10000,128,持分移轉,03150003
RPTNMLSJMHIGFBB97CB,東山段,3.48,都市：住,10000,128,持分移轉,03150004
RPTNMLSJMHIGFBB97CB,東山段,8.82,都市：住,10000,128,持分移轉,03150005
RPTNMLSJMHIGFBB97CB,東山段,1.46,都市：住,10000,128,持分移轉,03160003
RPTNMLSJMHIGFBB97CB,東山段,1.66,都市：住,10000,128,持分移轉,03160004
RPVNMLSJMHIGFBB18CB,東山段,3.51,都市：住,10000,128,持分移轉,03150000
RPVNMLSJMHIGFBB18CB,東山段,1.00,都市：住,10000,128,持分移轉,03150001
RPVNMLSJMHIGFBB18CB,東山段,1.00,都市：住,10000,128,持分移轉,03150002
RPVNMLSJMHIGFBB18CB,東山段,1.00,都市：住,10000,128,持分移轉,03150003
RPVNMLSJMHIGFBB18CB,東山段,3.48,都市：住,10000,128,持分移轉,03150004
RPVNMLSJMHIGFBB18CB,東山段,8.82,都市：住,10000,128,持分移轉,03150005
RPVNMLSJMHIGFBB18CB,東山段,1.46,都市：住,10000,128,持分移轉,03160003
RPVNMLSJMHIGFBB18CB,東山段,1.66,都市：住,10000,128,持分移轉,03160004
RPUNMLSJMHIGFBB08CB,東山段,3.51,都市：住,10000,128,持分移轉,03150000
RPUNMLSJMHIGFBB08CB,東山段,1.00,都市：住,10000,128,持分移轉,03150001
RPUNMLSJMHIGFBB08CB,東山段,1.00,都市：住,10000,128,持分移轉,03150002
RPUNMLSJMHIGFBB08CB,東山段,1.00,都市：住,10000,128,持分移轉,03150003
RPXNMLSJMHIGFBB38CB,東山段,3.51,都市：住,10000,128,持分移轉,03150000
RPUNMLSJMHIGFBB08CB,東山段,3.48,都市：住,10000,128,持分移轉,03150004
RPXNMLSJMHIGFBB38CB,東山段,1.00,都市：住,10000,128,持分移轉,03150001
RPUNMLSJMHIGFBB08CB,東山段,8.82,都市：住,10000,128,持分移轉,03150005
RPXNMLSJMHIGFBB38CB,東山段,1.00,都市：住,10000,128,持分移轉,03150002
RPUNMLSJMHIGFBB08CB,東山段,1.46,都市：住,10000,128,持分移轉,03160003
RPXNMLSJMHIGFBB38CB,東山段,1.00,都市：住,10000,128,持分移轉,03150003
RPUNMLSJMHIGFBB08CB,東山段,1.66,都市：住,10000,128,持分移轉,03160004
RPXNMLSJMHIGFBB38CB,東山段,3.48,都市：住,10000,128,持分移轉,03150004
RPXNMLSJMHIGFBB38CB,東山段,8.82,都市：住,10000,128,持分移轉,03150005
RPXNMLSJMHIGFBB38CB,東山段,1.46,都市：住,10000,128,持分移轉,03160003
RPXNMLSJMHIGFBB38CB,東山段,1.66,都市：住,10000,128,持分移轉,03160004
RPWNMLSJMHIGFBB28CB,水源段,1.36,都市：住,10000,135,持分移轉,03130000
RPWNMLSJMHIGFBB28CB,水源段,.90,都市：住,10000,135,持分移轉,03130003
RPWNMLSJMHIGFBB28CB,水源段,.77,都市：住,10000,135,持分移轉,03130004
RPWNMLSJMHIGFBB28CB,水源段,.55,都市：住,10000,135,持分移轉,03130005
RPWNMLSJMHIGFBB28CB,水源段,.20,都市：住,10000,135,持分移轉,03140004
RPOOMLSJMHIGFBB57CB,東山段,3.51,都市：住,10000,128,持分移轉,03150000
RPWNMLSJMHIGFBB28CB,水源段,.80,都市：住,10000,135,持分移轉,03120005
RPOOMLSJMHIGFBB57CB,東山段,1.00,都市：住,10000,128,持分移轉,03150001
RPWNMLSJMHIGFBB28CB,水源段,.99,都市：住,10000,135,持分移轉,03120007
RPOOMLSJMHIGFBB57CB,東山段,1.00,都市：住,10000,128,持分移轉,03150002
RPWNMLSJMHIGFBB28CB,水源段,.89,都市：住,10000,135,持分移轉,03120008
RPOOMLSJMHIGFBB57CB,東山段,1.00,都市：住,10000,128,持分移轉,03150003
RPWNMLSJMHIGFBB28CB,水源段,.63,都市：住,10000,135,持分移轉,03120009
RPOOMLSJMHIGFBB57CB,東山段,3.48,都市：住,10000,128,持分移轉,03150004
RPOOMLSJMHIGFBB57CB,東山段,8.82,都市：住,10000,128,持分移轉,03150005
RPWNMLSJMHIGFBB28CB,水源段,.15,都市：住,10000,135,持分移轉,03110009
RPOOMLSJMHIGFBB57CB,東山段,1.46,都市：住,10000,128,持分移轉,03160003
RPOOMLSJMHIGFBB57CB,東山段,1.66,都市：住,10000,128,持分移轉,03160004
RPWNMLSJMHIGFBB28CB,水源段,2.01,都市：住,10000,135,持分移轉,03080000
RPPOMLSJMHIGFBB67CB,東山段,3.45,都市：住,10000,126,持分移轉,03150000
RPPOMLSJMHIGFBB67CB,東山段,.98,都市：住,10000,126,持分移轉,03150001
RPPOMLSJMHIGFBB67CB,東山段,.98,都市：住,10000,126,持分移轉,03150002
RPPOMLSJMHIGFBB67CB,東山段,.98,都市：住,10000,126,持分移轉,03150003
RPPOMLSJMHIGFBB67CB,東山段,3.43,都市：住,10000,126,持分移轉,03150004
RPPOMLSJMHIGFBB67CB,東山段,8.68,都市：住,10000,126,持分移轉,03150005
RPPOMLSJMHIGFBB67CB,東山段,1.44,都市：住,10000,126,持分移轉,03160003
RPPOMLSJMHIGFBB67CB,東山段,1.64,都市：住,10000,126,持分移轉,03160004
RPSOMLSJMHIGFBB97CB,東山段,3.45,都市：住,10000,126,持分移轉,03150000
RPSOMLSJMHIGFBB97CB,東山段,.98,都市：住,10000,126,持分移轉,03150001
RPSOMLSJMHIGFBB97CB,東山段,.98,都市：住,10000,126,持分移轉,03150002
RPSOMLSJMHIGFBB97CB,東山段,.98,都市：住,10000,126,持分移轉,03150003
RPSOMLSJMHIGFBB97CB,東山段,3.43,都市：住,10000,126,持分移轉,03150004
RPSOMLSJMHIGFBB97CB,東山段,8.68,都市：住,10000,126,持分移轉,03150005
RPSOMLSJMHIGFBB97CB,東山段,1.44,都市：住,10000,126,持分移轉,03160003
RPSOMLSJMHIGFBB97CB,東山段,1.64,都市：住,10000,126,持分移轉,03160004
RPQOMLSJMHIGFBB77CB,東山段,3.45,都市：住,10000,126,持分移轉,03150000
RPQOMLSJMHIGFBB77CB,東山段,.98,都市：住,10000,126,持分移轉,03150001
RPQOMLSJMHIGFBB77CB,東山段,.98,都市：住,10000,126,持分移轉,03150002
RPQOMLSJMHIGFBB77CB,東山段,.98,都市：住,10000,126,持分移轉,03150003
RPQOMLSJMHIGFBB77CB,東山段,3.43,都市：住,10000,126,持分移轉,03150004
RPQOMLSJMHIGFBB77CB,東山段,8.68,都市：住,10000,126,持分移轉,03150005
RPQOMLSJMHIGFBB77CB,東山段,1.44,都市：住,10000,126,持分移轉,03160003
RPQOMLSJMHIGFBB77CB,東山段,1.64,都市：住,10000,126,持分移轉,03160004
RPTOMLSJMHIGFBB08CB,東山段,3.45,都市：住,10000,126,持分移轉,03150000
RPTOMLSJMHIGFBB08CB,東山段,.98,都市：住,10000,126,持分移轉,03150001
RPTOMLSJMHIGFBB08CB,東山段,.98,都市：住,10000,126,持分移轉,03150002
RPTOMLSJMHIGFBB08CB,東山段,.98,都市：住,10000,126,持分移轉,03150003
RPTOMLSJMHIGFBB08CB,東山段,3.43,都市：住,10000,126,持分移轉,03150004
RPTOMLSJMHIGFBB08CB,東山段,8.68,都市：住,10000,126,持分移轉,03150005
RPTOMLSJMHIGFBB08CB,東山段,1.44,都市：住,10000,126,持分移轉,03160003
RPTOMLSJMHIGFBB08CB,東山段,1.64,都市：住,10000,126,持分移轉,03160004
RPROMLSJMHIGFBB87CB,東山段,3.45,都市：住,10000,126,持分移轉,03150000
RPROMLSJMHIGFBB87CB,東山段,.98,都市：住,10000,126,持分移轉,03150001
RPROMLSJMHIGFBB87CB,東山段,.98,都市：住,10000,126,持分移轉,03150002
RPROMLSJMHIGFBB87CB,東山段,.98,都市：住,10000,126,持分移轉,03150003
RPROMLSJMHIGFBB87CB,東山段,3.43,都市：住,10000,126,持分移轉,03150004
RPROMLSJMHIGFBB87CB,東山段,8.68,都市：住,10000,126,持分移轉,03150005
RPROMLSJMHIGFBB87CB,東山段,1.44,都市：住,10000,126,持分移轉,03160003
RPROMLSJMHIGFBB87CB,東山段,1.64,都市：住,10000,126,持分移轉,03160004
RPVOMLSJMHIGFBB28CB,東山段,3.43,都市：住,10000,125,持分移轉,03150000
RPVOMLSJMHIGFBB28CB,東山段,.97,都市：住,10000,125,持分移轉,03150001
RPVOMLSJMHIGFBB28CB,東山段,.97,都市：住,10000,125,持分移轉,03150002
RPVOMLSJMHIGFBB28CB,東山段,.97,都市：住,10000,125,持分移轉,03150003
RPVOMLSJMHIGFBB28CB,東山段,3.40,都市：住,10000,125,持分移轉,03150004
RPVOMLSJMHIGFBB28CB,東山段,8.61,都市：住,10000,125,持分移轉,03150005
RPVOMLSJMHIGFBB28CB,東山段,1.43,都市：住,10000,125,持分移轉,03160003
RPVOMLSJMHIGFBB28CB,東山段,1.62,都市：住,10000,125,持分移轉,03160004
RPXOMLSJMHIGFBB48CB,東山段,3.45,都市：住,10000,126,持分移轉,03150000
RPXOMLSJMHIGFBB48CB,東山段,.98,都市：住,10000,126,持分移轉,03150001
RPXOMLSJMHIGFBB48CB,東山段,.98,都市：住,10000,126,持分移轉,03150002
RPXOMLSJMHIGFBB48CB,東山段,.98,都市：住,10000,126,持分移轉,03150003
RPXOMLSJMHIGFBB48CB,東山段,3.43,都市：住,10000,126,持分移轉,03150004
RPXOMLSJMHIGFBB48CB,東山段,8.68,都市：住,10000,126,持分移轉,03150005
RPXOMLSJMHIGFBB48CB,東山段,1.44,都市：住,10000,126,持分移轉,03160003
RPXOMLSJMHIGFBB48CB,東山段,1.64,都市：住,10000,126,持分移轉,03160004
RPUOMLSJMHIGFBB18CB,東山段,3.43,都市：住,10000,125,持分移轉,03150000
RPUOMLSJMHIGFBB18CB,東山段,.97,都市：住,10000,125,持分移轉,03150001
RPUOMLSJMHIGFBB18CB,東山段,.97,都市：住,10000,125,持分移轉,03150002
RPUOMLSJMHIGFBB18CB,東山段,.97,都市：住,10000,125,持分移轉,03150003
RPUOMLSJMHIGFBB18CB,東山段,3.40,都市：住,10000,125,持分移轉,03150004
RPUOMLSJMHIGFBB18CB,東山段,8.61,都市：住,10000,125,持分移轉,03150005
RPOPMLSJMHIGFBB67CB,東山段,3.48,都市：住,10000,127,持分移轉,03150000
RPUOMLSJMHIGFBB18CB,東山段,1.43,都市：住,10000,125,持分移轉,03160003
RPOPMLSJMHIGFBB67CB,東山段,.99,都市：住,10000,127,持分移轉,03150001
RPOPMLSJMHIGFBB67CB,東山段,.99,都市：住,10000,127,持分移轉,03150002
RPUOMLSJMHIGFBB18CB,東山段,1.62,都市：住,10000,125,持分移轉,03160004
RPOPMLSJMHIGFBB67CB,東山段,.99,都市：住,10000,127,持分移轉,03150003
RPOPMLSJMHIGFBB67CB,東山段,3.45,都市：住,10000,127,持分移轉,03150004
RPOPMLSJMHIGFBB67CB,東山段,8.75,都市：住,10000,127,持分移轉,03150005
RPOPMLSJMHIGFBB67CB,東山段,1.45,都市：住,10000,127,持分移轉,03160003
RPOPMLSJMHIGFBB67CB,東山段,1.65,都市：住,10000,127,持分移轉,03160004
RPWOMLSJMHIGFBB38CB,東山段,3.45,都市：住,10000,126,持分移轉,03150000
RPWOMLSJMHIGFBB38CB,東山段,.98,都市：住,10000,126,持分移轉,03150001
RPWOMLSJMHIGFBB38CB,東山段,.98,都市：住,10000,126,持分移轉,03150002
RPWOMLSJMHIGFBB38CB,東山段,.98,都市：住,10000,126,持分移轉,03150003
RPWOMLSJMHIGFBB38CB,東山段,3.43,都市：住,10000,126,持分移轉,03150004
RPWOMLSJMHIGFBB38CB,東山段,8.68,都市：住,10000,126,持分移轉,03150005
RPWOMLSJMHIGFBB38CB,東山段,1.44,都市：住,10000,126,持分移轉,03160003
RPWOMLSJMHIGFBB38CB,東山段,1.64,都市：住,10000,126,持分移轉,03160004
RPPNMLSJMHIGFFB97CB,市鎮南段,6.01,都市：商,10000,12,持分移轉,00740000
RPPPMLSJMHIGFBB77CB,環中段,40.50,都市：住,10000,100,持分移轉,03080000
RPRNMLSJMHIGFFB18CB,市鎮南段,9.52,都市：商,10000,19,持分移轉,00740000
RPSNMLSJMHIGFFB28CB,市鎮南段,8.51,都市：商,10000,17,持分移轉,00740000
RPRNMLTJMHIGFFB28CB,沙工北段,19.55,都市：住,100000,475,持分移轉,15190000
RPSNMLTJMHIGFFB38CB,沙工北段,25.31,都市：住,100000,615,持分移轉,15190000
RPQNMLTJMHIGFFB18CB,市鎮南段,14.02,都市：商,10000,28,持分移轉,00740000
RPTNMLTJMHIGFFB48CB,沙工北段,25.31,都市：住,100000,615,持分移轉,15190000
RPVNMLTJMHIGFFB68CB,沙工北段,25.77,都市：住,100000,626,持分移轉,15190000
RPUNMLTJMHIGFFB58CB,沙工北段,25.40,都市：住,100000,617,持分移轉,15190000
RPWNMLTJMHIGFFB78CB,沙工北段,25.77,都市：住,100000,626,持分移轉,15190000
RPOOMLTJMHIGFFB08CB,沙工北段,24.24,都市：住,100000,589,持分移轉,15190000
RPXNMLTJMHIGFFB88CB,沙工北段,19.26,都市：住,100000,468,持分移轉,15190000
RPPNMLTJMHIGFBB67CB,溝背段,22.06,都市：住,10000,61,持分移轉,01050000
RPRNMLTJMHIGFBB87CB,溝背段,22.78,都市：住,10000,63,持分移轉,01050000
RPQNMLTJMHIGFBB77CB,溝背段,31.10,都市：住,10000,86,持分移轉,01050000
RPTNMLTJMHIGFBB08CB,溝背段,24.95,都市：住,10000,69,持分移轉,01050000
RPVNMLTJMHIGFBB28CB,溝背段,24.95,都市：住,10000,69,持分移轉,01050000
RPWNMLTJMHIGFBB38CB,溝背段,22.78,都市：住,10000,63,持分移轉,01050000
RPSNMLTJMHIGFBB97CB,溝背段,26.03,都市：住,10000,72,持分移轉,01050000
RPXNMLTJMHIGFBB48CB,溝背段,22.78,都市：住,10000,63,持分移轉,01050000
RPOOMLTJMHIGFBB67CB,溝背段,22.78,都市：住,10000,63,持分移轉,01050000
RPUNMLTJMHIGFBB18CB,溝背段,32.91,都市：住,10000,91,持分移轉,01050000
RPPOMLTJMHIGFBB77CB,溝背段,22.78,都市：住,10000,63,持分移轉,01050000
RPQOMLTJMHIGFBB87CB,環中段,40.50,都市：住,10000,100,持分移轉,03080000
RPROMLTJMHIGFBB97CB,環中段,40.50,都市：住,10000,100,持分移轉,03080000
RPRNMLTJMHIGFCB97CB,寶文段,30.40,都市：住,100000,649,持分移轉,00350002
RPPNMLTJMHIGFCB77CB,寶文段,23.51,都市：住,100000,502,持分移轉,00350002
RPQNMLTJMHIGFCB87CB,寶文段,38.74,都市：住,100000,827,持分移轉,00350002
RPSNMLTJMHIGFCB08CB,寶文段,30.40,都市：住,100000,649,持分移轉,00350002
RPQNMLKKMHIGFCB07CB,中正段,.19,都市：商,100000,215,持分移轉,02350000
RPQNMLKKMHIGFCB07CB,中正段,10.32,都市：商,100000,215,持分移轉,02280000
RPPNMLKKMHIGFCB96CB,中正段,.19,都市：商,100000,207,持分移轉,02350000
RPPNMLKKMHIGFCB96CB,中正段,9.93,都市：商,100000,207,持分移轉,02280000
RPSNMLKKMHIGFCB27CB,中正段,.19,都市：商,100000,215,持分移轉,02350000
RPSNMLKKMHIGFCB27CB,中正段,10.32,都市：商,100000,215,持分移轉,02280000
RPTNMLKKMHIGFCB37CB,中正段,.19,都市：商,100000,207,持分移轉,02350000
RPTNMLKKMHIGFCB37CB,中正段,9.93,都市：商,100000,207,持分移轉,02280000
RPRNMLKKMHIGFCB17CB,中正段,.18,都市：商,100000,203,持分移轉,02350000
RPRNMLKKMHIGFCB17CB,中正段,9.74,都市：商,100000,203,持分移轉,02280000
RPUNMLKKMHIGFCB47CB,中正段,.19,都市：商,100000,207,持分移轉,02350000
RPUNMLKKMHIGFCB47CB,中正段,9.93,都市：商,100000,207,持分移轉,02280000
RPQNMLKKMHIGFIB67CB,山頂段,21.89,都市：住,1000000,5443,持分移轉,07050000
RPQNMLKKMHIGFIB67CB,山頂段,2.94,都市：住,1000000,5443,持分移轉,07190000
RPPNMLKKMHIGFIB57CB,山頂段,29.58,都市：住,1000000,7355,持分移轉,07050000
RPPNMLKKMHIGFIB57CB,山頂段,3.98,都市：住,1000000,7355,持分移轉,07190000
RPRNMLKKMHIGFIB77CB,山頂段,21.61,都市：住,1000000,5372,持分移轉,07050000
RPRNMLKKMHIGFIB77CB,山頂段,2.90,都市：住,1000000,5372,持分移轉,07190000
RPTNMLKKMHIGFIB97CB,北新段,18.43,都市：住,10000,29,持分移轉,10540000
RPSNMLKKMHIGFIB87CB,山頂段,20.58,都市：住,1000000,5118,持分移轉,07050000
RPSNMLKKMHIGFIB87CB,山頂段,2.77,都市：住,1000000,5118,持分移轉,07190000
RPUNMLKKMHIGFIB08CB,溪南西段,31.82,非都市：鄉村區 ; 非都市編定：乙種建築用地,100000,1817,持分移轉,09810000
RPVNMLKKMHIGFIB18CB,山頂段,29.58,都市：住,1000000,7355,持分移轉,07050000
RPVNMLKKMHIGFIB18CB,山頂段,3.98,都市：住,1000000,7355,持分移轉,07190000
RPWNMLKKMHIGFIB28CB,山頂段,21.61,都市：住,1000000,5372,持分移轉,07050000
RPWNMLKKMHIGFIB28CB,山頂段,2.90,都市：住,1000000,5372,持分移轉,07190000
RPXNMLKKMHIGFIB38CB,山頂段,29.83,都市：住,1000000,7416,持分移轉,07050000
RPXNMLKKMHIGFIB38CB,山頂段,4.01,都市：住,1000000,7416,持分移轉,07190000
RPOOMLKKMHIGFIB57CB,山頂段,21.89,都市：住,1000000,5443,持分移轉,07050000
RPOOMLKKMHIGFIB57CB,山頂段,2.94,都市：住,1000000,5443,持分移轉,07190000
RPPOMLKKMHIGFIB67CB,山頂段,20.43,都市：住,1000000,5079,持分移轉,07050000
RPPOMLKKMHIGFIB67CB,山頂段,2.75,都市：住,1000000,5079,持分移轉,07190000
RPQNMLKKMHIGFFB47DB,市鎮北段,15.14,都市：商,100000,309,持分移轉,03670000
RPQOMLKKMHIGFIB77CB,山頂段,21.61,都市：住,1000000,5372,持分移轉,07050000
RPQOMLKKMHIGFIB77CB,山頂段,2.90,都市：住,1000000,5372,持分移轉,07190000
RPROMLKKMHIGFIB87CB,山頂段,20.58,都市：住,1000000,5118,持分移轉,07050000
RPROMLKKMHIGFIB87CB,山頂段,2.77,都市：住,1000000,5118,持分移轉,07190000
RPRNMLKKMHIGFFB57DB,鹿寮段,27.55,都市：住,100000,1023,持分移轉,08640000
RPQNMLKKMHIGFDB17CB,大順段,9.52,都市：住,100000,1853,持分移轉,03090000
RPQNMLKKMHIGFDB17CB,大順段,2.70,都市：住,100000,1853,持分移轉,03100000
RPPNMLKKMHIGFDB07CB,大順段,9.45,都市：住,100000,1839,持分移轉,03090000
RPPNMLKKMHIGFDB07CB,大順段,2.68,都市：住,100000,1839,持分移轉,03100000
RPSNMLKKMHIGFDB37CB,大順段,9.52,都市：住,100000,1853,持分移轉,03090000
RPSNMLKKMHIGFDB37CB,大順段,2.70,都市：住,100000,1853,持分移轉,03100000
RPRNMLKKMHIGFDB27CB,大順段,9.52,都市：住,100000,1853,持分移轉,03090000
RPRNMLKKMHIGFDB27CB,大順段,2.70,都市：住,100000,1853,持分移轉,03100000
RPTNMLKKMHIGFDB47CB,大順段,9.46,都市：住,100000,1841,持分移轉,03090000
RPTNMLKKMHIGFDB47CB,大順段,2.68,都市：住,100000,1841,持分移轉,03100000
RPPNMLKKMHIGFJB67CB,樹德段,29.76,都市：住,100000,1717,持分移轉,00220000
RPQNMLKKMHIGFJB77CB,樹德段,30.02,都市：住,100000,1732,持分移轉,00220000
RPQNMLKKMHIGFBB07DB,東山段,3.45,都市：住,10000,126,持分移轉,03150000
RPQNMLKKMHIGFBB07DB,東山段,.98,都市：住,10000,126,持分移轉,03150001
RPQNMLKKMHIGFBB07DB,東山段,.98,都市：住,10000,126,持分移轉,03150002
RPQNMLKKMHIGFBB07DB,東山段,.98,都市：住,10000,126,持分移轉,03150003
RPQNMLKKMHIGFBB07DB,東山段,3.43,都市：住,10000,126,持分移轉,03150004
RPQNMLKKMHIGFBB07DB,東山段,8.68,都市：住,10000,126,持分移轉,03150005
RPQNMLKKMHIGFBB07DB,東山段,1.44,都市：住,10000,126,持分移轉,03160003
RPQNMLKKMHIGFBB07DB,東山段,1.64,都市：住,10000,126,持分移轉,03160004
RPPNMLKKMHIGFBB96DB,東山段,4.14,都市：住,10000,151,持分移轉,03150000
RPPNMLKKMHIGFBB96DB,東山段,1.18,都市：住,10000,151,持分移轉,03150001
RPPNMLKKMHIGFBB96DB,東山段,1.18,都市：住,10000,151,持分移轉,03150002
RPPNMLKKMHIGFBB96DB,東山段,1.18,都市：住,10000,151,持分移轉,03150003
RPPNMLKKMHIGFBB96DB,東山段,4.11,都市：住,10000,151,持分移轉,03150004
RPPNMLKKMHIGFBB96DB,東山段,10.40,都市：住,10000,151,持分移轉,03150005
RPPNMLKKMHIGFBB96DB,東山段,1.72,都市：住,10000,151,持分移轉,03160003
RPPNMLKKMHIGFBB96DB,東山段,1.96,都市：住,10000,151,持分移轉,03160004
RPQNMLKKMHIGFBB96CB,賴厝廍段,5.38,都市：住,100000,300,持分移轉,00860004
RPQNMLKKMHIGFBB96CB,賴厝廍段,2.89,都市：住,100000,300,持分移轉,00860085
RPRNMLKKMHIGFBB07CB,松觀段,29.96,都市：住,100000,2078,持分移轉,09960000
RPTNMLKKMHIGFBB27CB,環中段,51.03,都市：住,10000,126,持分移轉,03080000
RPVNMLKKMHIGFBB47CB,環中段,51.03,都市：住,10000,126,持分移轉,03080000
RPUNMLKKMHIGFBB37CB,賴厝廍段,20.83,都市：住,100000,1527,持分移轉,01640001
RPPNMLKKMHIGFFB27CB,保寧段,22.61,都市：住,100000,699,持分移轉,05090000
RPSNMLKKMHIGFBB17CB,環中段,40.50,都市：住,10000,100,持分移轉,03080000
RPQNMLKKMHIGFFB37CB,庄南段,30.41,都市：住,10000,580,持分移轉,10860000
RPQNMLKKMHIGFFB37CB,庄南段,.17,都市：住,10000,580,持分移轉,10840000
RPPNMLKKMHIGFGB37CB,復盛段,86.93,非都市：特定農業區 ; 非都市編定：甲種建築用地,1,1,全筆移轉,09550024
RPPNMLKKMHIGFGB37CB,復盛段,23.76,非都市：特定農業區 ; 非都市編定：甲種建築用地,20,1,持分移轉,09550026
RPQNMLKKMHIGFGB47CB,復盛段,73.45,非都市：特定農業區 ; 非都市編定：甲種建築用地,1,1,全筆移轉,09550018
RPQNMLKKMHIGFGB47CB,復盛段,23.76,非都市：特定農業區 ; 非都市編定：甲種建築用地,20,1,持分移轉,09550026
RPPNMLLKMHIGFKB87CB,中社段,41.82,都市：住,542499,4182,持分移轉,07000000
RPQNMLLKMHIGFKB97CB,中社段,28.39,都市：住,542499,2839,持分移轉,07000000
RPSNMLLKMHIGFKB18CB,竹泉段,6.96,都市：住,10000,312,持分移轉,01860006
RPSNMLLKMHIGFKB18CB,竹泉段,.72,都市：商,10000,312,持分移轉,01860011
RPSNMLLKMHIGFKB18CB,竹泉段,24.06,都市：住,10000,312,持分移轉,01900000
RPTNMLLKMHIGFKB28CB,中社段,33.15,都市：住,542499,3315,持分移轉,07000000
RPVNMLLKMHIGFKB48CB,龍田段,101.00,都市：住,1,1,全筆移轉,15940010
RPPNMLLKMHIGFAB86CB,後壠子段,8.22,都市：住,10000,38,持分移轉,02200002
RPPNMLLKMHIGFAB86CB,後壠子段,.53,都市：住,10000,38,持分移轉,02170008
RPQNMLLKMHIGFAB96CB,後壠子段,8.22,都市：住,10000,38,持分移轉,02200002
RPQNMLLKMHIGFAB96CB,後壠子段,.53,都市：住,10000,38,持分移轉,02170008
RPRNMLLKMHIGFAB07CB,樹子腳段,11.96,都市：商,100000,496,持分移轉,12110000
RPSNMLLKMHIGFAB17CB,城隍段五小段,6.30,都市：商,100000,1203,持分移轉,00080014
RPSNMLLKMHIGFAB17CB,城隍段五小段,8.60,都市：商,100000,1203,持分移轉,00080015
RPSNMLLKMHIGFAB17CB,城隍段五小段,4.99,都市：商,100000,1203,持分移轉,00090003
RPSNMLLKMHIGFAB17CB,城隍段六小段,4.07,都市：商,100000,1203,持分移轉,00030000
RPSNMLLKMHIGFAB17CB,城隍段六小段,1.07,都市：商,100000,1203,持分移轉,00030002
RPSNMLLKMHIGFAB17CB,城隍段六小段,.57,都市：商,100000,1203,持分移轉,00040000
RPSNMLLKMHIGFAB17CB,城隍段六小段,.16,都市：住,100000,1203,持分移轉,00030010
RPPNMLLKMHIGFFB37CB,興安西段,22.86,都市：住,100000,774,持分移轉,01960000
RPQNMLLKMHIGFFB47CB,興安西段,22.86,都市：住,100000,774,持分移轉,01960000
RPTNMLLKMHIGFAB27CB,城隍段五小段,4.83,都市：商,100000,922,持分移轉,00080014
RPTNMLLKMHIGFAB27CB,城隍段五小段,6.59,都市：商,100000,922,持分移轉,00080015
RPTNMLLKMHIGFAB27CB,城隍段五小段,3.83,都市：商,100000,922,持分移轉,00090003
RPTNMLLKMHIGFAB27CB,城隍段六小段,3.12,都市：商,100000,922,持分移轉,00030000
RPTNMLLKMHIGFAB27CB,城隍段六小段,.82,都市：商,100000,922,持分移轉,00030002
RPTNMLLKMHIGFAB27CB,城隍段六小段,.43,都市：商,100000,922,持分移轉,00040000
RPTNMLLKMHIGFAB27CB,城隍段六小段,.12,都市：住,100000,922,持分移轉,00030010
RPSNMLLKMHIGFFB67CB,興安西段,22.86,都市：住,100000,774,持分移轉,01960000
RPRNMLLKMHIGFFB57CB,興安西段,24.19,都市：住,100000,819,持分移轉,01960000
RPTNMLLKMHIGFFB77CB,興安西段,22.86,都市：住,100000,774,持分移轉,01960000
RPUNMLLKMHIGFFB87CB,興安西段,22.86,都市：住,100000,774,持分移轉,01960000
RPSOMLLKMHIGFFB77CB,市鎮南段,6.73,都市：商,100000,30,持分移轉,00970000
RPROMLLKMHIGFFB67CB,市鎮南段,6.73,都市：商,100000,30,持分移轉,00970000
RPTOMLLKMHIGFFB87CB,市鎮南段,7.62,都市：商,100000,34,持分移轉,00970000
RPVOMLLKMHIGFFB08CB,市鎮南段,7.62,都市：商,100000,34,持分移轉,00970000
RPPNMLLKMHIGFBB96CB,北屯段,17.17,都市：住,10000,46,持分移轉,02140000
RPQNMLLKMHIGFBB07CB,北屯段,23.89,都市：住,10000,64,持分移轉,02140000
RPUOMLLKMHIGFFB97CB,市鎮南段,9.42,都市：商,100000,42,持分移轉,00970000
RPSNMLLKMHIGFBB27CB,北屯段,24.64,都市：住,10000,66,持分移轉,02140000
RPPNMLLKMHIGFHB57CB,清雅段,47.17,都市：住,1,1,全筆移轉,02610024
RPPNMLLKMHIGFHB57CB,清雅段,12.14,都市：住,100000,15389,持分移轉,02610022
RPPNMLLKMHIGFHB57CB,清雅段,14.09,都市：住,5,1,持分移轉,02610023
RPPNMLLKMHIGFHB57CB,清雅段,.48,都市：住,27,1,持分移轉,02610037
RPPNMLLKMHIGFHB57CB,清雅段,.21,都市：住,27,1,持分移轉,02610038
RPPNMLLKMHIGFJB77CB,育賢段,22.86,都市：住,10000,36,持分移轉,01840004
RPQNMLLKMHIGFHB67CB,清雅段,40.64,都市：住,1,1,全筆移轉,02610029
RPQNMLLKMHIGFHB67CB,清雅段,.83,都市：住,100000,1048,持分移轉,02610022
RPQNMLLKMHIGFHB67CB,清雅段,22.74,都市：住,10,1,持分移轉,02610000
RPQNMLLKMHIGFHB67CB,清雅段,.48,都市：住,27,1,持分移轉,02610037
RPQNMLLKMHIGFHB67CB,清雅段,.21,都市：住,27,1,持分移轉,02610038
RPPNMLLKMHIGFDB17CB,舊圳段,16.82,非都市：特定農業區 ; 非都市編定：甲種建築用地,100000,4456,持分移轉,00640000
RPQNMLLKMHIGFDB27CB,舊圳段,17.16,非都市：特定農業區 ; 非都市編定：甲種建築用地,100000,4545,持分移轉,00640000
RPRNMLLKMHIGFDB37CB,鳳山段,30.09,非都市：鄉村區 ; 非都市編定：乙種建築用地,170890,3009,持分移轉,01510000
RPSNMLLKMHIGFDB47CB,鳳山段,29.94,非都市：鄉村區 ; 非都市編定：乙種建築用地,170890,2994,持分移轉,01510000
RPRNMLLKMHIGFBB17CB,北屯段,17.92,都市：住,10000,48,持分移轉,02140000
RPWNMLLKMHIGFDB87CB,大順段,9.45,都市：住,100000,1839,持分移轉,03090000
RPWNMLLKMHIGFDB87CB,大順段,2.68,都市：住,100000,1839,持分移轉,03100000
RPTNMLLKMHIGFDB57CB,鳳山段,30.38,非都市：鄉村區 ; 非都市編定：乙種建築用地,170890,3038,持分移轉,01510000
RPOOMLLKMHIGFDB17CB,中和東段,32.07,都市：住,100000,1461,持分移轉,12000000
RPPOMLLKMHIGFDB27CB,大順段,9.47,都市：住,100000,1844,持分移轉,03090000
RPPOMLLKMHIGFDB27CB,大順段,2.68,都市：住,100000,1844,持分移轉,03100000
RPQOMLLKMHIGFDB37CB,大順段,9.47,都市：住,100000,1844,持分移轉,03090000
RPQOMLLKMHIGFDB37CB,大順段,2.68,都市：住,100000,1844,持分移轉,03100000
RPQNMLLKMHIGFIB77CB,新榮和段,14.86,都市：商,100000,178,持分移轉,00220000
RPPNMLLKMHIGFIB67CB,北新段,17.16,都市：住,10000,27,持分移轉,10540000
RPRNMLLKMHIGFIB87CB,新榮和段,14.86,都市：商,100000,178,持分移轉,00220000
RPPNMLLKMHIGFCB07CB,田心段,16.13,都市：商,10000,58,持分移轉,05530000
RPQNMLLKMHIGFCB17CB,田心段,16.13,都市：商,10000,58,持分移轉,05530000
RPQNMLLKMHIGFCB27DB,永新段,74.79,都市：其他:第一之一種住宅區,1,1,全筆移轉,01210022
RPQNMLLKMHIGFCB27DB,永新段,27.15,都市：其他:第一之一種住宅區,100000,4178,持分移轉,01210004
RPQNMLLKMHIGFCB27DB,永新段,.07,都市：其他:第一之一種住宅區,100000,4178,持分移轉,01210003
RPQNMLMKMHIGFCB27CB,廣昌段,20.44,都市：住,100000,1480,持分移轉,06560000
RPPNMLMKMHIGFCB17CB,廣昌段,20.44,都市：住,100000,1480,持分移轉,06560000
RPSNMLMKMHIGFCB47CB,西屯段,25.62,都市：住,10000,102,持分移轉,22590000
RPVNMLMKMHIGFCB77CB,惠來厝段,2.96,都市：住,100000,451,持分移轉,03050000
RPVNMLMKMHIGFCB77CB,惠來厝段,10.01,都市：住,100000,451,持分移轉,03110000
RPVNMLMKMHIGFCB77CB,惠來厝段,12.63,都市：住,100000,451,持分移轉,03140000
RPVNMLMKMHIGFCB77CB,惠來厝段,.54,都市：住,100000,451,持分移轉,03140003
RPTNMLMKMHIGFCB57CB,大進段,.58,都市：住,100000,530,持分移轉,09150001
RPTNMLMKMHIGFCB57CB,大進段,.58,都市：住,100000,530,持分移轉,09150002
RPTNMLMKMHIGFCB57CB,大進段,.58,都市：住,100000,530,持分移轉,09150003
RPTNMLMKMHIGFCB57CB,大進段,.58,都市：住,100000,530,持分移轉,09150004
RPTNMLMKMHIGFCB57CB,大進段,.58,都市：住,100000,530,持分移轉,09150005
RPTNMLMKMHIGFCB57CB,大進段,.58,都市：住,100000,530,持分移轉,09150006
RPTNMLMKMHIGFCB57CB,大進段,.58,都市：住,100000,530,持分移轉,09150007
RPTNMLMKMHIGFCB57CB,大進段,.58,都市：住,100000,530,持分移轉,09150008
RPTNMLMKMHIGFCB57CB,大進段,.58,都市：住,100000,530,持分移轉,09150009
RPTNMLMKMHIGFCB57CB,大進段,.58,都市：住,100000,530,持分移轉,09150010
RPTNMLMKMHIGFCB57CB,大進段,.58,都市：住,100000,530,持分移轉,09150011
RPTNMLMKMHIGFCB57CB,大進段,.33,都市：住,100000,530,持分移轉,09280000
RPTNMLMKMHIGFCB57CB,大進段,.97,都市：住,100000,530,持分移轉,09280005
RPTNMLMKMHIGFCB57CB,大進段,.34,都市：住,100000,530,持分移轉,09300000
RPTNMLMKMHIGFCB57CB,大進段,.34,都市：住,100000,530,持分移轉,09300001
RPTNMLMKMHIGFCB57CB,大進段,1.01,都市：住,100000,530,持分移轉,09300002
RPTNMLMKMHIGFCB57CB,大進段,1.01,都市：住,100000,530,持分移轉,09300003
RPUNMLMKMHIGFCB67CB,惠來厝段,2.96,都市：住,100000,451,持分移轉,03050000
RPUNMLMKMHIGFCB67CB,惠來厝段,10.01,都市：住,100000,451,持分移轉,03110000
RPUNMLMKMHIGFCB67CB,惠來厝段,12.63,都市：住,100000,451,持分移轉,03140000
RPUNMLMKMHIGFCB67CB,惠來厝段,.54,都市：住,100000,451,持分移轉,03140003
RPWNMLMKMHIGFCB87CB,福德段,5.89,都市：住,100000,673,持分移轉,00370000
RPWNMLMKMHIGFCB87CB,福德段,6.72,都市：住,100000,673,持分移轉,00420000
RPXNMLMKMHIGFCB97CB,福德段,8.01,都市：住,100000,915,持分移轉,00370000
RPXNMLMKMHIGFCB97CB,福德段,9.14,都市：住,100000,915,持分移轉,00420000
RPRNMLMKMHIGFCB37CB,廣昌段,20.82,都市：住,100000,1508,持分移轉,06560000
RPOOMLMKMHIGFCB17CB,福德段,5.89,都市：住,100000,673,持分移轉,00370000
RPOOMLMKMHIGFCB17CB,福德段,6.72,都市：住,100000,673,持分移轉,00420000
RPPOMLMKMHIGFCB27CB,協仁段,86.63,都市：住,1,1,全筆移轉,01760008
RPPOMLMKMHIGFCB27CB,協仁段,41.14,都市：住,8,1,持分移轉,01760000
RPQNMLMKMHIGFIB87CB,新高鐵段,9.99,都市：商,100000,71,持分移轉,00310000
RPRNMLMKMHIGFIB97CB,新高鐵段,9.99,都市：商,100000,71,持分移轉,00310000
RPSNMLMKMHIGFIB08CB,新高鐵段,9.43,都市：商,100000,67,持分移轉,00310000
RPUNMLMKMHIGFIB28CB,山頂段,21.61,都市：住,1000000,5372,持分移轉,07050000
RPUNMLMKMHIGFIB28CB,山頂段,2.90,都市：住,1000000,5372,持分移轉,07190000
RPPNMLMKMHIGFIB77CB,新高鐵段,17.87,都市：商,100000,127,持分移轉,00310000
RPVNMLMKMHIGFIB38CB,山頂段,21.98,都市：住,1000000,5465,持分移轉,07050000
RPVNMLMKMHIGFIB38CB,山頂段,2.95,都市：住,1000000,5465,持分移轉,07190000
RPTNMLMKMHIGFIB18CB,新高鐵段,9.15,都市：商,100000,65,持分移轉,00310000
RPWNMLMKMHIGFIB48CB,山頂段,21.61,都市：住,1000000,5372,持分移轉,07050000
RPWNMLMKMHIGFIB48CB,山頂段,2.90,都市：住,1000000,5372,持分移轉,07190000
RPOOMLMKMHIGFIB77CB,山頂段,29.83,都市：住,1000000,7416,持分移轉,07050000
RPOOMLMKMHIGFIB77CB,山頂段,4.01,都市：住,1000000,7416,持分移轉,07190000
RPPOMLMKMHIGFIB87CB,山頂段,29.57,都市：住,1000000,7353,持分移轉,07050000
RPPOMLMKMHIGFIB87CB,山頂段,3.97,都市：住,1000000,7353,持分移轉,07190000
RPQOMLMKMHIGFIB97CB,山頂段,21.98,都市：住,1000000,5465,持分移轉,07050000
RPQOMLMKMHIGFIB97CB,山頂段,2.95,都市：住,1000000,5465,持分移轉,07190000
RPROMLMKMHIGFIB08CB,健民段,25.78,非都市：鄉村區 ; 非都市編定：乙種建築用地,100000,406,持分移轉,07560000
RPTOMLMKMHIGFIB28CB,健民段,25.78,非都市：鄉村區 ; 非都市編定：乙種建築用地,100000,406,持分移轉,07560000
RPUOMLMKMHIGFIB38CB,健民段,27.69,非都市：鄉村區 ; 非都市編定：乙種建築用地,100000,436,持分移轉,07560000
RPVOMLMKMHIGFIB48CB,健民段,27.69,非都市：鄉村區 ; 非都市編定：乙種建築用地,100000,436,持分移轉,07560000
RPXOMLMKMHIGFIB68CB,健民段,20.64,非都市：鄉村區 ; 非都市編定：乙種建築用地,100000,325,持分移轉,07560000
RPSOMLMKMHIGFIB18CB,山頂段,20.58,都市：住,1000000,5118,持分移轉,07050000
RPSOMLMKMHIGFIB18CB,山頂段,2.77,都市：住,1000000,5118,持分移轉,07190000
RPWOMLMKMHIGFIB58CB,健民段,20.64,非都市：鄉村區 ; 非都市編定：乙種建築用地,100000,325,持分移轉,07560000
RPOPMLMKMHIGFIB87CB,山頂段,29.92,都市：住,1000000,7439,持分移轉,07050000
RPOPMLMKMHIGFIB87CB,山頂段,4.02,都市：住,1000000,7439,持分移轉,07190000
RPPPMLMKMHIGFIB97CB,新高鐵段,9.99,都市：商,100000,71,持分移轉,00310000
RPQPMLMKMHIGFIB08CB,新高鐵段,13.93,都市：商,100000,99,持分移轉,00310000
RPRPMLMKMHIGFIB18CB,新高鐵段,11.54,都市：商,100000,82,持分移轉,00310000
RPSPMLMKMHIGFIB28CB,新高鐵段,10.13,都市：商,100000,72,持分移轉,00310000
RPTPMLMKMHIGFIB38CB,新高鐵段,13.93,都市：商,100000,99,持分移轉,00310000
RPUPMLMKMHIGFIB48CB,新高鐵段,14.63,都市：商,100000,104,持分移轉,00310000
RPWPMLMKMHIGFIB68CB,山頂段,20.43,都市：住,1000000,5079,持分移轉,07050000
RPWPMLMKMHIGFIB68CB,山頂段,2.75,都市：住,1000000,5079,持分移轉,07190000
RPPNMLMKMHIGFDB27CB,大順段,9.46,都市：住,100000,1841,持分移轉,03090000
RPPNMLMKMHIGFDB27CB,大順段,2.68,都市：住,100000,1841,持分移轉,03100000
RPVPMLMKMHIGFIB58CB,山頂段,20.43,都市：住,1000000,5079,持分移轉,07050000
RPVPMLMKMHIGFIB58CB,山頂段,2.75,都市：住,1000000,5079,持分移轉,07190000
RPXPMLMKMHIGFIB78CB,山頂段,20.43,都市：住,1000000,5079,持分移轉,07050000
RPXPMLMKMHIGFIB78CB,山頂段,2.75,都市：住,1000000,5079,持分移轉,07190000
RPPNMLMKMHIGFJB87CB,育賢段,23.39,都市：住,100000,399,持分移轉,02100000
RPSNMLMKMHIGFJB18CB,育賢段,16.86,都市：住,10000,24,持分移轉,02270000
RPRNMLMKMHIGFJB08CB,育賢段,23.98,都市：住,100000,409,持分移轉,02100000
RPPNMLMKMHIGFBB07CB,美和段,52.38,都市：住,1,1,全筆移轉,02190012
RPRNMLMKMHIGFBB27CB,太祥段,21.28,都市：住,100000,1277,持分移轉,01090000
RPRNMLMKMHIGFBB27CB,太祥段,.81,都市：住,100000,1277,持分移轉,01090001
RPSNMLMKMHIGFBB37CB,太祥段,20.61,都市：住,100000,1237,持分移轉,01090000
RPSNMLMKMHIGFBB37CB,太祥段,.78,都市：住,100000,1237,持分移轉,01090001
RPUNMLMKMHIGFBB57CB,平田段,21.56,都市：住,100000,900,持分移轉,09580000
RPUNMLMKMHIGFBB57CB,仁平段,1.54,都市：住,100000,900,持分移轉,03800000
RPTNMLMKMHIGFBB47CB,北屯段,17.92,都市：住,10000,48,持分移轉,02140000
RPQNMLMKMHIGFBB17CB,太祥段,20.61,都市：住,100000,1237,持分移轉,01090000
RPQNMLMKMHIGFBB17CB,太祥段,.78,都市：住,100000,1237,持分移轉,01090001
RPVNMLMKMHIGFBB67CB,賴厝廍段,5.36,都市：住,100000,299,持分移轉,00860004
RPVNMLMKMHIGFBB67CB,賴厝廍段,2.88,都市：住,100000,299,持分移轉,00860085
RPWNMLMKMHIGFBB77CB,賴厝廍段,5.38,都市：住,100000,300,持分移轉,00860004
RPWNMLMKMHIGFBB77CB,賴厝廍段,2.89,都市：住,100000,300,持分移轉,00860085
RPPNMLMKMHIGFFB47CB,庄北段,24.02,都市：住,10000,149,持分移轉,10720000
RPRNMLMKMHIGFFB67CB,新站段,22.12,都市：住,10000,33,持分移轉,00660000
RPQNMLMKMHIGFFB57CB,新站段,20.78,都市：住,10000,31,持分移轉,00660000
RPSNMLMKMHIGFFB77CB,新站段,14.08,都市：住,10000,21,持分移轉,00660000
RPPNMLMKMHIGFAB96CB,樹子腳段,11.64,都市：住,100000,182,持分移轉,06700000
RPTNMLMKMHIGFFB87CB,新站段,14.75,都市：住,10000,22,持分移轉,00660000
RPPNMLMKMHIGFAB96CB,樹子腳段,11.89,都市：住,100000,182,持分移轉,06750000
RPRNMLMKMHIGFAB17CB,泉源段,15.77,都市：商,100000,134,持分移轉,00150000
RPPNMLMKMHIGFGB57CB,大南段大南小段,20.45,非都市：鄉村區 ; 非都市編定：乙種建築用地,100000,2880,持分移轉,02030461
RPTNMLMKMHIGFAB37CB,泉源段,6.24,都市：商,100000,53,持分移轉,00150000
RPRNMLMKMHIGFEB57CB,臨江段,31.55,都市：住,168045,3155,持分移轉,08950000
RPSNMLMKMHIGFAB27CB,泉源段,6.24,都市：商,100000,53,持分移轉,00150000
RPPNMLNKMHIGFKB08CB,龍目井段龍目井小段,22.06,都市：住,100000,1963,持分移轉,00890000
RPPNMLNKMHIGFKB08CB,龍目井段龍目井小段,9.10,都市：住,50,1,持分移轉,00890006
RPQNMLNKMHIGFKB18CB,龍目井段龍目井小段,22.06,都市：住,100000,1963,持分移轉,00890000
RPQNMLNKMHIGFKB18CB,龍目井段龍目井小段,9.10,都市：住,50,1,持分移轉,00890006
RPTNMLNKMHIGFKB48CB,龍目井段龍目井小段,28.74,都市：住,100000,2557,持分移轉,00890000
RPTNMLNKMHIGFKB48CB,龍目井段龍目井小段,9.10,都市：住,50,1,持分移轉,00890006
RPUNMLNKMHIGFKB58CB,自治段,66.62,都市：住,1,1,全筆移轉,02580027
RPSNMLNKMHIGFKB38CB,龍目井段龍目井小段,27.57,都市：住,100000,2453,持分移轉,00890000
RPSNMLNKMHIGFKB38CB,龍目井段龍目井小段,9.10,都市：住,50,1,持分移轉,00890006
RPRNMLNKMHIGFKB28CB,龍目井段龍目井小段,28.74,都市：住,100000,2557,持分移轉,00890000
RPRNMLNKMHIGFKB28CB,龍目井段龍目井小段,9.10,都市：住,50,1,持分移轉,00890006
RPPNMLNKMHIGFEB47CB,福東段,27.13,非都市：鄉村區 ; 非都市編定：乙種建築用地,18,1,持分移轉,01280000
RPPNMLNKMHIGFAB07CB,下橋子頭段,6.29,都市：住,100000,376,持分移轉,02030000
RPPNMLNKMHIGFAB07CB,下橋子頭段,6.17,都市：商,100000,376,持分移轉,01240053
RPPNMLNKMHIGFKB18DB,龍田段,74.00,都市：住,1,1,全筆移轉,12200016
RPRNMLNKMHIGFAB27CB,下橋子頭段,6.75,都市：住,100000,300,持分移轉,01940006
RPRNMLNKMHIGFAB27CB,下橋子頭段,13.19,都市：住,100000,300,持分移轉,01940007
RPSNMLNKMHIGFAB37CB,下橋子頭段,7.20,都市：住,100000,320,持分移轉,01940006
RPSNMLNKMHIGFAB37CB,下橋子頭段,14.07,都市：住,100000,320,持分移轉,01940007
RPQNMLNKMHIGFAB17CB,下橋子頭段,7.20,都市：住,100000,320,持分移轉,01940006
RPQNMLNKMHIGFAB17CB,下橋子頭段,14.07,都市：住,100000,320,持分移轉,01940007
RPTNMLNKMHIGFAB47CB,下橋子頭段,6.75,都市：住,100000,300,持分移轉,01940006
RPTNMLNKMHIGFAB47CB,下橋子頭段,13.19,都市：住,100000,300,持分移轉,01940007
RPVNMLNKMHIGFAB67CB,樹子腳段,11.96,都市：商,100000,496,持分移轉,12110000
RPUNMLNKMHIGFAB57CB,下橋子頭段,8.78,都市：住,100000,390,持分移轉,01940006
RPUNMLNKMHIGFAB57CB,下橋子頭段,17.15,都市：住,100000,390,持分移轉,01940007
RPWNMLNKMHIGFAB77CB,樹子腳段,13.31,都市：商,100000,552,持分移轉,12110000
RPXNMLNKMHIGFAB87CB,樹子腳段,9.14,都市：商,100000,379,持分移轉,12110000
RPOOMLNKMHIGFAB07CB,樹子腳段,13.31,都市：商,100000,552,持分移轉,12110000
RPPOMLNKMHIGFAB17CB,樹子腳段,13.09,都市：商,100000,543,持分移轉,12110000
RPQOMLNKMHIGFAB27CB,樹子腳段,10.90,都市：商,100000,452,持分移轉,12110000
RPROMLNKMHIGFAB37CB,樹子腳段,13.31,都市：商,100000,552,持分移轉,12110000
RPPNMLNKMHIGFFB57CB,公館南段,113.30,都市：其他:農建地,1,1,全筆移轉,08070029
RPPNMLNKMHIGFFB57CB,公館南段,4.93,都市：其他:農建地,30,1,持分移轉,08070034
RPPNMLNKMHIGFFB57CB,公館南段,4.35,都市：其他:農建地,30,1,持分移轉,08070031
RPPNMLNKMHIGFFB57CB,公館南段,.08,都市：其他:農建地,30,1,持分移轉,08070035
RPRNMLNKMHIGFFB77CB,南勢段,47.50,都市：住,1,1,全筆移轉,10810029
RPRNMLNKMHIGFFB77CB,南勢段,.69,都市：住,2490000,9450,持分移轉,10470000
RPRNMLNKMHIGFFB77CB,南勢段,13.15,都市：其他:保護區,8621000,17827,持分移轉,09930000
RPRNMLNKMHIGFFB77CB,南勢段,3.00,都市：住,145510,300,持分移轉,09420000
RPRNMLNKMHIGFFB77CB,南勢段,19.53,都市：住,20,1,持分移轉,10810021
RPSNMLNKMHIGFFB87CB,成衣段,29.92,都市：住,10000,117,持分移轉,00050000
RPQNMLNKMHIGFFB67CB,南勢段,47.50,都市：住,1,1,全筆移轉,10810016
RPQNMLNKMHIGFFB67CB,南勢段,.69,都市：住,2490000,9450,持分移轉,10470000
RPQNMLNKMHIGFFB67CB,南勢段,13.15,都市：其他:保護區,8621000,17827,持分移轉,09930000
RPQNMLNKMHIGFFB67CB,南勢段,3.00,都市：住,145510,300,持分移轉,09420000
RPQNMLNKMHIGFFB67CB,南勢段,19.53,都市：住,20,1,持分移轉,10810021
RPSOMLNKMHIGFAB47CB,樹子腳段,9.14,都市：商,100000,379,持分移轉,12110000
RPTNMLNKMHIGFFB97CB,成衣段,53.19,都市：住,10000,208,持分移轉,00050000
RPPNMLNKMHIGFBB17CB,環中段,51.03,都市：住,10000,126,持分移轉,03080000
RPPNMLNKMHIGFAB17DB,大益段,5.61,都市：住,1000000,16542,持分移轉,08870000
RPPNMLNKMHIGFAB17DB,大益段,7.54,都市：住,1000000,16542,持分移轉,08880000
RPPNMLNKMHIGFAB17DB,大益段,7.56,都市：住,1000000,16542,持分移轉,08880001
RPQNMLNKMHIGFAB27DB,大益段,5.61,都市：住,1000000,16542,持分移轉,08870000
RPQNMLNKMHIGFAB27DB,大益段,7.54,都市：住,1000000,16542,持分移轉,08880000
RPQNMLNKMHIGFAB27DB,大益段,7.56,都市：住,1000000,16542,持分移轉,08880001
RPPNMLNKMHIGFJB97CB,育賢段,14.82,都市：住,100000,400,持分移轉,02020000
RPQNMLNKMHIGFJB08CB,育賢段,14.82,都市：住,100000,400,持分移轉,02020000
RPRNMLNKMHIGFJB18CB,育賢段,15.19,都市：住,100000,410,持分移轉,02020000
RPSNMLNKMHIGFJB28CB,育賢段,26.58,都市：住,10000,25,持分移轉,01810001
RPTNMLNKMHIGFJB38CB,育賢段,25.52,都市：住,10000,24,持分移轉,01810001
RPWNMLNKMHIGFJB68CB,育賢段,25.52,都市：住,10000,24,持分移轉,01810001
RPVNMLNKMHIGFJB58CB,育賢段,19.14,都市：住,10000,18,持分移轉,01810001
RPXNMLNKMHIGFJB78CB,育賢段,18.08,都市：住,10000,17,持分移轉,01810001
RPOOMLNKMHIGFJB97CB,育賢段,19.14,都市：住,10000,18,持分移轉,01810001
RPUNMLNKMHIGFJB48CB,育賢段,19.14,都市：住,10000,18,持分移轉,01810001
RPPOMLNKMHIGFJB08CB,育賢段,26.58,都市：住,10000,25,持分移轉,01810001
RPPNMLNKMHIGFDB37CB,中和東段,21.73,都市：住,100000,990,持分移轉,12000000
RPPNMLNKMHIGFCB27CB,逢大段,24.76,都市：其他:第二種創新研發專用區,100000,1009,持分移轉,00350000
RPQNMLNKMHIGFCB37CB,逢大段,16.46,都市：其他:第二種創新研發專用區,100000,671,持分移轉,00350000
RPPNMLNKMHIGFCB37DB,田心段,20.29,都市：商,100000,684,持分移轉,10210000
RPTNMLNKMHIGFCB67CB,楓樹段,6.05,都市：住,1000000,4657,持分移轉,04460000
RPTNMLNKMHIGFCB67CB,楓樹段,2.12,都市：住,1000000,4657,持分移轉,04470000
RPRNMLNKMHIGFCB47CB,逢大段,17.47,都市：其他:第二種創新研發專用區,100000,712,持分移轉,00350000
RPTNMLNKMHIGFCB67CB,楓樹段,2.89,都市：住,1000000,4657,持分移轉,04480000
RPTNMLNKMHIGFCB67CB,楓樹段,6.50,都市：住,1000000,4657,持分移轉,04490000
RPSNMLNKMHIGFCB57CB,廣明段,25.07,都市：其他:第二種創新研發專用區,100000,928,持分移轉,08550000
RPSNMLNKMHIGFCB67DB,田心段,22.52,都市：商,100000,759,持分移轉,10210000
RPQNMLOKMHIGFCB47CB,大墩段,16.65,都市：商,100000,608,持分移轉,03390000
RPPNMLOKMHIGFIB97CB,大里段,10.05,非都市：特定農業區 ; 非都市編定：甲種建築用地,10000,236,持分移轉,09580035
RPPNMLOKMHIGFCB37CB,台安段,64.57,都市：農,1,1,全筆移轉,02120101
RPPNMLOKMHIGFCB37CB,台安段,42.92,都市：農,77,1,持分移轉,02120000
RPQNMLNKMHIGFCB47DB,田心段,25.34,都市：商,100000,854,持分移轉,10210000
RPQNMLOKMHIGFIB08CB,山頂段,29.83,都市：住,1000000,7416,持分移轉,07050000
RPQNMLOKMHIGFIB08CB,山頂段,4.01,都市：住,1000000,7416,持分移轉,07190000
RPSNMLOKMHIGFIB28CB,山頂段,21.61,都市：住,1000000,5372,持分移轉,07050000
RPSNMLOKMHIGFIB28CB,山頂段,2.90,都市：住,1000000,5372,持分移轉,07190000
RPRNMLOKMHIGFIB18CB,山頂段,21.61,都市：住,1000000,5372,持分移轉,07050000
RPRNMLOKMHIGFIB18CB,山頂段,2.90,都市：住,1000000,5372,持分移轉,07190000
RPTNMLOKMHIGFIB38CB,山頂段,29.58,都市：住,1000000,7355,持分移轉,07050000
RPTNMLOKMHIGFIB38CB,山頂段,3.98,都市：住,1000000,7355,持分移轉,07190000
RPUNMLOKMHIGFIB48CB,大里段,16.74,非都市：特定農業區 ; 非都市編定：甲種建築用地,10000,393,持分移轉,09580035
RPVNMLOKMHIGFIB58CB,山頂段,21.61,都市：住,1000000,5372,持分移轉,07050000
RPVNMLOKMHIGFIB58CB,山頂段,2.90,都市：住,1000000,5372,持分移轉,07190000
RPWNMLOKMHIGFIB68CB,山頂段,29.57,都市：住,1000000,7353,持分移轉,07050000
RPWNMLOKMHIGFIB68CB,山頂段,3.97,都市：住,1000000,7353,持分移轉,07190000
RPOOMLOKMHIGFIB97CB,中興段,10.55,都市：住,100000,1101,持分移轉,01170000
RPOOMLOKMHIGFIB97CB,中興段,10.62,都市：住,100000,1101,持分移轉,01180000
RPOOMLOKMHIGFIB97CB,中興段,3.23,都市：住,100000,1101,持分移轉,01190001
RPXNMLOKMHIGFIB78CB,中興段,10.55,都市：住,100000,1101,持分移轉,01170000
RPXNMLOKMHIGFIB78CB,中興段,10.62,都市：住,100000,1101,持分移轉,01180000
RPXNMLOKMHIGFIB78CB,中興段,3.23,都市：住,100000,1101,持分移轉,01190001
RPQOMLOKMHIGFIB18CB,山頂段,20.43,都市：住,1000000,5079,持分移轉,07050000
RPQOMLOKMHIGFIB18CB,山頂段,2.75,都市：住,1000000,5079,持分移轉,07190000
RPPOMLOKMHIGFIB08CB,山頂段,28.05,都市：住,1000000,6974,持分移轉,07050000
RPPOMLOKMHIGFIB08CB,山頂段,3.77,都市：住,1000000,6974,持分移轉,07190000
RPUOMLOKMHIGFIB58CB,山頂段,28.05,都市：住,1000000,6974,持分移轉,07050000
RPUOMLOKMHIGFIB58CB,山頂段,3.77,都市：住,1000000,6974,持分移轉,07190000
RPTOMLOKMHIGFIB48CB,山頂段,21.98,都市：住,1000000,5465,持分移轉,07050000
RPTOMLOKMHIGFIB48CB,山頂段,2.95,都市：住,1000000,5465,持分移轉,07190000
RPSOMLOKMHIGFIB38CB,山頂段,20.43,都市：住,1000000,5079,持分移轉,07050000
RPSOMLOKMHIGFIB38CB,山頂段,2.75,都市：住,1000000,5079,持分移轉,07190000
RPROMLOKMHIGFIB28CB,山頂段,29.92,都市：住,1000000,7439,持分移轉,07050000
RPROMLOKMHIGFIB28CB,山頂段,4.02,都市：住,1000000,7439,持分移轉,07190000
RPXOMLOKMHIGFIB88CB,山頂段,29.57,都市：住,1000000,7353,持分移轉,07050000
RPXOMLOKMHIGFIB88CB,山頂段,3.97,都市：住,1000000,7353,持分移轉,07190000
RPWOMLOKMHIGFIB78CB,山頂段,20.58,都市：住,1000000,5118,持分移轉,07050000
RPWOMLOKMHIGFIB78CB,山頂段,2.77,都市：住,1000000,5118,持分移轉,07190000
RPOPMLOKMHIGFIB08CB,山頂段,29.57,都市：住,1000000,7353,持分移轉,07050000
RPOPMLOKMHIGFIB08CB,山頂段,3.97,都市：住,1000000,7353,持分移轉,07190000
RPRPMLOKMHIGFIB38CB,山頂段,20.58,都市：住,1000000,5118,持分移轉,07050000
RPRPMLOKMHIGFIB38CB,山頂段,2.77,都市：住,1000000,5118,持分移轉,07190000
RPPPMLOKMHIGFIB18CB,山頂段,29.92,都市：住,1000000,7439,持分移轉,07050000
RPQPMLOKMHIGFIB28CB,山頂段,20.58,都市：住,1000000,5118,持分移轉,07050000
RPPPMLOKMHIGFIB18CB,山頂段,4.02,都市：住,1000000,7439,持分移轉,07190000
RPQPMLOKMHIGFIB28CB,山頂段,2.77,都市：住,1000000,5118,持分移轉,07190000
RPSPMLOKMHIGFIB48CB,山頂段,21.61,都市：住,1000000,5372,持分移轉,07050000
RPSPMLOKMHIGFIB48CB,山頂段,2.90,都市：住,1000000,5372,持分移轉,07190000
RPUPMLOKMHIGFIB68CB,新榮泉段,14.24,都市：商,100000,736,持分移轉,00250000
RPWPMLOKMHIGFIB88CB,新榮泉段,14.20,都市：商,100000,734,持分移轉,00250000
RPPNMLOKMHIGFDB47CB,中和東段,22.13,都市：住,100000,667,持分移轉,05170000
RPQNMLOKMHIGFDB57CB,中和東段,22.13,都市：住,100000,667,持分移轉,05170000
RPPNMLOKMHIGFJB08CB,育賢段,17.14,都市：住,10000,27,持分移轉,01840004
RPQNMLOKMHIGFBB37CB,碧柳段,7.38,都市：商,100000,77,持分移轉,00020000
RPPNMLOKMHIGFBB27CB,環中段,40.50,都市：住,10000,100,持分移轉,03080000
RPRNMLOKMHIGFBB47CB,環中段,40.50,都市：住,10000,100,持分移轉,03080000
RPPNMLOKMHIGFAB17CB,樹子腳段,11.38,都市：住,100000,178,持分移轉,06700000
RPPNMLOKMHIGFAB17CB,樹子腳段,11.63,都市：住,100000,178,持分移轉,06750000
RPRNMLOKMHIGFAB37CB,樹子腳段,14.96,都市：住,100000,234,持分移轉,06700000
RPRNMLOKMHIGFAB37CB,樹子腳段,15.29,都市：住,100000,234,持分移轉,06750000
RPPNMLOKMHIGFEB57CB,新六分段,25.40,非都市：特定農業區 ; 非都市編定：甲種建築用地,28,1,持分移轉,11940000
RPPNMLOKMHIGFEB57CB,新六分段,1.43,非都市：特定農業區 ; 非都市編定：甲種建築用地,28,1,持分移轉,11940001
RPPNMLOKMHIGFKB18CB,竹泉段,53.00,都市：住,1,1,全筆移轉,02640018
RPPNMLOKMHIGFKB18CB,竹泉段,21.80,都市：住,20,1,持分移轉,02640024
RPQNMLOKMHIGFEB67CB,水美東段,27.50,非都市：特定農業區 ; 非都市編定：甲種建築用地,18,1,持分移轉,04410000
RPQNMLOKMHIGFEB67CB,水美東段,1.48,非都市：特定農業區 ; 非都市編定：甲種建築用地,18,1,持分移轉,04200000
RPQNMLOKMHIGFKB28CB,田水段,60.00,都市：住,1,1,全筆移轉,09310010
RPQNMLOKMHIGFKB28CB,田水段,25.40,都市：住,15,1,持分移轉,09310000
RPQNMLOKMHIGFKB28CB,田水段,4.93,都市：其他:道路用地,15,1,持分移轉,09310001
RPPNMLPKMHIGFFB77CB,梧棲段,11.01,都市：商,10000,34,持分移轉,28400000
RPPNMLPKMHIGFKB28CB,中山段,25.26,都市：住,100000,6363,持分移轉,12050000
RPPNMLPKMHIGFKB28CB,中山段,.24,都市：住,100000,1409,持分移轉,12050007
RPPNMLPKMHIGFKB28CB,中山段,2.45,都市：住,100000,1409,持分移轉,12050013
RPPNMLPKMHIGFKB28CB,中山段,2.24,都市：住,100000,1409,持分移轉,12050026
RPPNMLPKMHIGFKB28CB,中山段,3.35,都市：住,100000,1409,持分移轉,12050033
RPPNMLPKMHIGFKB28CB,中山段,5.09,都市：住,100000,1409,持分移轉,12050034
RPPNMLPKMHIGFKB28CB,中山段,.01,都市：住,100000,1409,持分移轉,12050036
RPRNMLOKMHIGFKB38CB,田水段,60.00,都市：住,1,1,全筆移轉,09310011
RPRNMLOKMHIGFKB38CB,田水段,25.40,都市：住,15,1,持分移轉,09310000
RPRNMLOKMHIGFKB38CB,田水段,4.93,都市：其他:道路用地,15,1,持分移轉,09310001
RPQNMLPKMHIGFFB87CB,市鎮北段,10.62,都市：商,10000,33,持分移轉,00130001
RPRNMLPKMHIGFFB97CB,市鎮北段,9.01,都市：商,10000,28,持分移轉,00130001
RPTNMLPKMHIGFFB18CB,市鎮北段,10.30,都市：商,10000,32,持分移轉,00130001
RPUNMLPKMHIGFFB28CB,市鎮北段,14.81,都市：商,10000,46,持分移轉,00130001
RPSNMLPKMHIGFFB08CB,市鎮南段,12.98,都市：商,10000,29,持分移轉,01490000
RPPNMLPKMHIGFBB37CB,碧柳段,3.07,都市：住,100000,537,持分移轉,02150000
RPPNMLPKMHIGFBB37CB,碧柳段,3.34,都市：住,100000,537,持分移轉,02160000
RPPNMLPKMHIGFBB37CB,碧柳段,6.67,都市：住,100000,537,持分移轉,02170000
RPPNMLPKMHIGFBB37CB,碧柳段,10.61,都市：住,100000,537,持分移轉,02180000
RPPNMLPKMHIGFJB18CB,福平段,18.34,都市：商,100000,773,持分移轉,08730000
RPQNMLPKMHIGFJB28CB,福平段,13.81,都市：商,100000,582,持分移轉,08730000
RPRNMLPKMHIGFJB38CB,福平段,13.86,都市：商,100000,584,持分移轉,08730000
RPTNMLPKMHIGFJB58CB,福平段,18.34,都市：商,100000,773,持分移轉,08730000
RPVNMLPKMHIGFJB78CB,福平段,13.86,都市：商,100000,584,持分移轉,08730000
RPSNMLPKMHIGFJB48CB,福平段,18.34,都市：商,100000,773,持分移轉,08730000
RPRNMLPKMHIGFBB67DB,青萍段,33.55,都市：住,100000,2656,持分移轉,06040000
RPXNMLPKMHIGFJB98CB,福平段,19.70,都市：商,100000,830,持分移轉,08730000
RPQNMLPKMHIGFDB67CB,大順段,9.45,都市：住,100000,1839,持分移轉,03090000
RPQNMLPKMHIGFDB67CB,大順段,2.68,都市：住,100000,1839,持分移轉,03100000
RPWNMLPKMHIGFJB88CB,福平段,13.31,都市：商,100000,561,持分移轉,08730000
RPRNMLPKMHIGFDB77CB,大順段,9.45,都市：住,100000,1839,持分移轉,03090000
RPRNMLPKMHIGFDB77CB,大順段,2.68,都市：住,100000,1839,持分移轉,03100000
RPSNMLPKMHIGFDB87CB,大順段,9.45,都市：住,100000,1839,持分移轉,03090000
RPSNMLPKMHIGFDB87CB,大順段,2.68,都市：住,100000,1839,持分移轉,03100000
RPUNMLPKMHIGFDB08CB,大順段,9.45,都市：住,100000,1839,持分移轉,03090000
RPUNMLPKMHIGFDB08CB,大順段,2.68,都市：住,100000,1839,持分移轉,03100000
RPTNMLPKMHIGFDB97CB,大順段,9.45,都市：住,100000,1839,持分移轉,03090000
RPTNMLPKMHIGFDB97CB,大順段,2.68,都市：住,100000,1839,持分移轉,03100000
RPSOMLPKMHIGFDB97CB,大順段,9.47,都市：住,100000,1844,持分移轉,03090000
RPSOMLPKMHIGFDB97CB,大順段,2.68,都市：住,100000,1844,持分移轉,03100000
RPVNMLPKMHIGFDB18CB,大順段,9.45,都市：住,100000,1839,持分移轉,03090000
RPVNMLPKMHIGFDB18CB,大順段,2.68,都市：住,100000,1839,持分移轉,03100000
RPPOMLPKMHIGFDB67CB,神圳段,23.27,都市：住,100000,1635,持分移轉,06430000
RPTOMLPKMHIGFDB08CB,大順段,9.52,都市：住,100000,1853,持分移轉,03090000
RPTOMLPKMHIGFDB08CB,大順段,2.70,都市：住,100000,1853,持分移轉,03100000
RPVOMLPKMHIGFDB28CB,大順段,9.52,都市：住,100000,1853,持分移轉,03090000
RPVOMLPKMHIGFDB28CB,大順段,2.70,都市：住,100000,1853,持分移轉,03100000
RPUOMLPKMHIGFDB18CB,大順段,9.46,都市：住,100000,1841,持分移轉,03090000
RPUOMLPKMHIGFDB18CB,大順段,2.68,都市：住,100000,1841,持分移轉,03100000
RPWOMLPKMHIGFDB38CB,大順段,9.46,都市：住,100000,1841,持分移轉,03090000
RPWOMLPKMHIGFDB38CB,大順段,2.68,都市：住,100000,1841,持分移轉,03100000
RPOPMLPKMHIGFDB67CB,大順段,9.28,都市：住,100000,1806,持分移轉,03090000
RPOPMLPKMHIGFDB67CB,大順段,2.63,都市：住,100000,1806,持分移轉,03100000
RPQNMLPKMHIGFFB97DB,南簡段,43.83,都市：住,10000,620,持分移轉,07940003
RPPNMLPKMHIGFIB08CB,山頂段,28.05,都市：住,1000000,6974,持分移轉,07050000
RPPNMLPKMHIGFIB08CB,山頂段,3.77,都市：住,1000000,6974,持分移轉,07190000
RPQNMLPKMHIGFIB18CB,山頂段,21.61,都市：住,1000000,5372,持分移轉,07050000
RPQNMLPKMHIGFIB18CB,山頂段,2.90,都市：住,1000000,5372,持分移轉,07190000
RPSNMLPKMHIGFIB38CB,山頂段,20.43,都市：住,1000000,5079,持分移轉,07050000
RPSNMLPKMHIGFIB38CB,山頂段,2.75,都市：住,1000000,5079,持分移轉,07190000
RPUNMLPKMHIGFIB58CB,山頂段,29.92,都市：住,1000000,7439,持分移轉,07050000
RPUNMLPKMHIGFIB58CB,山頂段,4.02,都市：住,1000000,7439,持分移轉,07190000
RPXNMLPKMHIGFIB88CB,山頂段,29.92,都市：住,1000000,7439,持分移轉,07050000
RPXNMLPKMHIGFIB88CB,山頂段,4.02,都市：住,1000000,7439,持分移轉,07190000
RPWNMLPKMHIGFIB78CB,山頂段,20.43,都市：住,1000000,5079,持分移轉,07050000
RPWNMLPKMHIGFIB78CB,山頂段,2.75,都市：住,1000000,5079,持分移轉,07190000
RPTNMLPKMHIGFIB48CB,山頂段,20.58,都市：住,1000000,5118,持分移轉,07050000
RPTNMLPKMHIGFIB48CB,山頂段,2.77,都市：住,1000000,5118,持分移轉,07190000
RPRNMLPKMHIGFIB28CB,山頂段,20.58,都市：住,1000000,5118,持分移轉,07050000
RPRNMLPKMHIGFIB28CB,山頂段,2.77,都市：住,1000000,5118,持分移轉,07190000
RPOOMLPKMHIGFIB08CB,山頂段,29.83,都市：住,1000000,7416,持分移轉,07050000
RPOOMLPKMHIGFIB08CB,山頂段,4.01,都市：住,1000000,7416,持分移轉,07190000
RPQOMLPKMHIGFIB28CB,山頂段,29.92,都市：住,1000000,7439,持分移轉,07050000
RPQOMLPKMHIGFIB28CB,山頂段,4.02,都市：住,1000000,7439,持分移轉,07190000
RPPOMLPKMHIGFIB18CB,山頂段,20.43,都市：住,1000000,5079,持分移轉,07050000
RPPOMLPKMHIGFIB18CB,山頂段,2.75,都市：住,1000000,5079,持分移轉,07190000
RPSOMLPKMHIGFIB48CB,山頂段,20.43,都市：住,1000000,5079,持分移轉,07050000
RPSOMLPKMHIGFIB48CB,山頂段,2.75,都市：住,1000000,5079,持分移轉,07190000
RPTOMLPKMHIGFIB58CB,山頂段,28.05,都市：住,1000000,6974,持分移轉,07050000
RPTOMLPKMHIGFIB58CB,山頂段,3.77,都市：住,1000000,6974,持分移轉,07190000
RPUOMLPKMHIGFIB68CB,山頂段,21.61,都市：住,1000000,5372,持分移轉,07050000
RPUOMLPKMHIGFIB68CB,山頂段,2.90,都市：住,1000000,5372,持分移轉,07190000
RPVOMLPKMHIGFIB78CB,山頂段,29.83,都市：住,1000000,7416,持分移轉,07050000
RPVOMLPKMHIGFIB78CB,山頂段,4.01,都市：住,1000000,7416,持分移轉,07190000
RPWOMLPKMHIGFIB88CB,山頂段,28.05,都市：住,1000000,6974,持分移轉,07050000
RPWOMLPKMHIGFIB88CB,山頂段,3.77,都市：住,1000000,6974,持分移轉,07190000
RPXOMLPKMHIGFIB98CB,山頂段,21.89,都市：住,1000000,5443,持分移轉,07050000
RPXOMLPKMHIGFIB98CB,山頂段,2.94,都市：住,1000000,5443,持分移轉,07190000
RPQPMLPKMHIGFIB38CB,山頂段,20.43,都市：住,1000000,5079,持分移轉,07050000
RPQPMLPKMHIGFIB38CB,山頂段,2.75,都市：住,1000000,5079,持分移轉,07190000
RPRPMLPKMHIGFIB48CB,山頂段,21.89,都市：住,1000000,5443,持分移轉,07050000
RPRPMLPKMHIGFIB48CB,山頂段,2.94,都市：住,1000000,5443,持分移轉,07190000
RPPPMLPKMHIGFIB28CB,山頂段,21.98,都市：住,1000000,5465,持分移轉,07050000
RPPPMLPKMHIGFIB28CB,山頂段,2.95,都市：住,1000000,5465,持分移轉,07190000
RPQNMLQKMHIGFIB28CB,新榮泉段,21.87,都市：商,100000,1130,持分移轉,00250000
RPSPMLPKMHIGFIB58CB,山頂段,21.98,都市：住,1000000,5465,持分移轉,07050000
RPSPMLPKMHIGFIB58CB,山頂段,2.95,都市：住,1000000,5465,持分移轉,07190000
RPSNMLQKMHIGFIB48CB,新榮泉段,14.63,都市：商,100000,756,持分移轉,00250000
RPRNMLQKMHIGFIB38CB,新榮泉段,21.87,都市：商,100000,1130,持分移轉,00250000
RPPNMLQKMHIGFBB47CB,太祥段,20.03,都市：住,100000,1202,持分移轉,01090000
RPPNMLQKMHIGFBB47CB,太祥段,.76,都市：住,100000,1202,持分移轉,01090001
RPRNMLQKMHIGFBB67CB,太祥段,20.03,都市：住,100000,1202,持分移轉,01090000
RPRNMLQKMHIGFBB67CB,太祥段,.76,都市：住,100000,1202,持分移轉,01090001
RPQNMLQKMHIGFBB57CB,太祥段,21.28,都市：住,100000,1277,持分移轉,01090000
RPQNMLQKMHIGFBB57CB,太祥段,.81,都市：住,100000,1277,持分移轉,01090001
RPQNMLQKMHIGFFB97CB,梧棲段,11.01,都市：商,10000,34,持分移轉,28400000
RPRNMLQKMHIGFFB08CB,國昌段,7.65,都市：住,47023,765,持分移轉,02330014
RPRNMLQKMHIGFFB08CB,國昌段,64.86,都市：住,1,1,全筆移轉,02330037
RPRNMLQKMHIGFFB08CB,國昌段,.02,都市：住,46,2,持分移轉,02330044
RPSNMLQKMHIGFFB18CB,國昌段,7.65,都市：住,47023,765,持分移轉,02330014
RPSNMLQKMHIGFFB18CB,國昌段,63.39,都市：住,1,1,全筆移轉,02330007
RPSNMLQKMHIGFFB18CB,國昌段,.03,都市：住,46,3,持分移轉,02330044
RPQNMLQKMHIGFAB47CB,城隍段五小段,4.83,都市：商,100000,922,持分移轉,00080014
RPQNMLQKMHIGFAB47CB,城隍段五小段,6.59,都市：商,100000,922,持分移轉,00080015
RPQNMLQKMHIGFAB47CB,城隍段五小段,3.83,都市：商,100000,922,持分移轉,00090003
RPQNMLQKMHIGFAB47CB,城隍段六小段,3.12,都市：商,100000,922,持分移轉,00030000
RPQNMLQKMHIGFAB47CB,城隍段六小段,.82,都市：商,100000,922,持分移轉,00030002
RPQNMLQKMHIGFAB47CB,城隍段六小段,.43,都市：商,100000,922,持分移轉,00040000
RPQNMLQKMHIGFAB47CB,城隍段六小段,.12,都市：住,100000,922,持分移轉,00030010
RPWNMLRKMHIGFAB18CB,頂橋子頭段,15.17,都市：住,10000,36,持分移轉,03750004
RPWNMLRKMHIGFAB18CB,頂橋子頭段,2.48,都市：住,10000,36,持分移轉,03750012
RPWNMLRKMHIGFAB18CB,頂橋子頭段,1.40,都市：住,10000,36,持分移轉,03820000
RPOOMLRKMHIGFAB47CB,頂橋子頭段,14.75,都市：住,10000,35,持分移轉,03750004
RPOOMLRKMHIGFAB47CB,頂橋子頭段,2.42,都市：住,10000,35,持分移轉,03750012
RPOOMLRKMHIGFAB47CB,頂橋子頭段,1.36,都市：住,10000,35,持分移轉,03820000
RPXNMLRKMHIGFAB28CB,頂橋子頭段,13.91,都市：住,10000,33,持分移轉,03750004
RPXNMLRKMHIGFAB28CB,頂橋子頭段,2.28,都市：住,10000,33,持分移轉,03750012
RPXNMLRKMHIGFAB28CB,頂橋子頭段,1.29,都市：住,10000,33,持分移轉,03820000
RPPOMLRKMHIGFAB57CB,頂橋子頭段,15.17,都市：住,10000,36,持分移轉,03750004
RPPOMLRKMHIGFAB57CB,頂橋子頭段,2.48,都市：住,10000,36,持分移轉,03750012
RPPOMLRKMHIGFAB57CB,頂橋子頭段,1.40,都市：住,10000,36,持分移轉,03820000
RPQOMLRKMHIGFAB67CB,頂橋子頭段,13.91,都市：住,10000,33,持分移轉,03750004
RPQOMLRKMHIGFAB67CB,頂橋子頭段,2.28,都市：住,10000,33,持分移轉,03750012
RPQOMLRKMHIGFAB67CB,頂橋子頭段,1.29,都市：住,10000,33,持分移轉,03820000
RPTOMLRKMHIGFAB97CB,土庫段,5.81,都市：住,100000,1026,持分移轉,00670062
RPTOMLRKMHIGFAB97CB,土庫段,9.28,都市：商,100000,1026,持分移轉,00670148
RPUOMLRKMHIGFAB08CB,頂橋子頭段,14.33,都市：住,10000,34,持分移轉,03750004
RPUOMLRKMHIGFAB08CB,頂橋子頭段,2.35,都市：住,10000,34,持分移轉,03750012
RPUOMLRKMHIGFAB08CB,頂橋子頭段,1.33,都市：住,10000,34,持分移轉,03820000
RPPNMLRKMHIGFBB57CB,溝背段,15.03,都市：住,100000,404,持分移轉,01430000
RPROMLRKMHIGFAB77CB,頂橋子頭段,14.33,都市：住,10000,34,持分移轉,03750004
RPROMLRKMHIGFAB77CB,頂橋子頭段,2.35,都市：住,10000,34,持分移轉,03750012
RPROMLRKMHIGFAB77CB,頂橋子頭段,1.33,都市：住,10000,34,持分移轉,03820000
RPRNMLRKMHIGFBB77CB,南興段,119.77,都市：住,1,1,全筆移轉,01670000
RPRNMLRKMHIGFBB77CB,南興段,9.83,都市：住,1000000,29933,持分移轉,01670036
RPQNMLRKMHIGFHB28CB,弘富段,14.50,都市：住,100000,1275,持分移轉,00930000
RPQNMLRKMHIGFHB28CB,弘富段,16.98,都市：住,100000,1275,持分移轉,00950000
RPSNMLRKMHIGFBB87CB,仁和段,.01,都市：商,10000,35,持分移轉,05130000
RPSNMLRKMHIGFBB87CB,仁和段,.01,都市：商,10000,35,持分移轉,05140000
RPSNMLRKMHIGFBB87CB,仁和段,2.62,都市：商,10000,35,持分移轉,05150000
RPSNMLRKMHIGFBB87CB,仁和段,.05,都市：商,10000,35,持分移轉,05160000
RPSNMLRKMHIGFBB87CB,仁和段,.54,都市：商,10000,35,持分移轉,05170000
RPSNMLRKMHIGFBB87CB,仁和段,.15,都市：商,10000,35,持分移轉,05180000
RPSNMLRKMHIGFBB87CB,仁和段,.04,都市：商,10000,35,持分移轉,05190000
RPSNMLRKMHIGFBB87CB,仁和段,.33,都市：商,10000,35,持分移轉,05200000
RPSNMLRKMHIGFBB87CB,仁和段,.49,都市：商,10000,35,持分移轉,05210000
RPSNMLRKMHIGFBB87CB,仁和段,.42,都市：商,10000,35,持分移轉,05220000
RPSNMLRKMHIGFBB87CB,仁和段,.06,都市：商,10000,35,持分移轉,05220001
RPSNMLRKMHIGFBB87CB,仁和段,7.65,都市：商,10000,35,持分移轉,05240000
RPPNMLRKMHIGFEB87CB,甲東段,54.00,非都市：鄉村區 ; 非都市編定：乙種建築用地,1,1,全筆移轉,05580019
RPSNMLRKMHIGFBB87CB,仁和段,3.18,都市：商,10000,35,持分移轉,05260000
RPPNMLRKMHIGFEB87CB,甲東段,26.45,非都市：鄉村區 ; 非都市編定：乙種建築用地,100000,3704,持分移轉,05580004
RPSNMLRKMHIGFBB87CB,仁和段,1.40,都市：商,10000,35,持分移轉,05270001
RPSNMLRKMHIGFBB87CB,仁和段,3.20,都市：商,10000,35,持分移轉,05280000
RPPNMLRKMHIGFHB18CB,弘富段,14.83,都市：住,100000,1304,持分移轉,00930000
RPPNMLRKMHIGFHB18CB,弘富段,17.36,都市：住,100000,1304,持分移轉,00950000
RPPNMLRKMHIGFGB08CB,和興段,94.83,都市：住,1,1,全筆移轉,02560035
RPPNMLRKMHIGFIB28CB,溪南西段,31.82,非都市：鄉村區 ; 非都市編定：乙種建築用地,100000,1817,持分移轉,09810000
RPQNMLRKMHIGFIB38CB,溪南西段,24.06,非都市：鄉村區 ; 非都市編定：乙種建築用地,100000,1374,持分移轉,09810000
RPPNMLRKMHIGFKB58DB,龍田段,71.00,都市：住,1,1,全筆移轉,12200015
RPRNMLRKMHIGFIB48CB,溪南西段,23.11,非都市：鄉村區 ; 非都市編定：乙種建築用地,100000,1320,持分移轉,09810000
RPTNMLRKMHIGFIB68CB,新榮泉段,16.53,都市：商,100000,854,持分移轉,00250000
RPSNMLRKMHIGFIB58CB,山頂段,20.58,都市：住,1000000,5118,持分移轉,07050000
RPSNMLRKMHIGFIB58CB,山頂段,2.77,都市：住,1000000,5118,持分移轉,07190000
RPUNMLRKMHIGFIB78CB,新榮泉段,14.20,都市：商,100000,734,持分移轉,00250000
RPVNMLRKMHIGFIB88CB,新榮泉段,16.53,都市：商,100000,854,持分移轉,00250000
RPWNMLRKMHIGFIB98CB,新榮泉段,21.87,都市：商,100000,1130,持分移轉,00250000
RPOOMLRKMHIGFIB28CB,新榮泉段,14.20,都市：商,100000,734,持分移轉,00250000
RPXNMLRKMHIGFIB09CB,新榮泉段,16.53,都市：商,100000,854,持分移轉,00250000
RPPOMLRKMHIGFIB38CB,新榮泉段,14.63,都市：商,100000,756,持分移轉,00250000
RPQOMLRKMHIGFIB48CB,新榮泉段,21.87,都市：商,100000,1130,持分移轉,00250000
RPPNMLRKMHIGFCB67CB,惠安段,28.89,都市：住,1000,42,持分移轉,00910000
RPPNMLRKMHIGFDB77CB,南村段,15.09,都市：商,100000,227,持分移轉,05460000
RPQNMLRKMHIGFJB48CB,新福段,21.60,都市：住,10000,101,持分移轉,00440000
RPSNMLRKMHIGFJB68CB,壽平段,26.00,都市：住,100000,885,持分移轉,05400000
RPTNMLRKMHIGFJB78CB,育賢段,21.48,都市：住,10000,25,持分移轉,02010000
RPPNMLSKMHIGFDB87CB,豐田段,17.75,都市：住,100000,252,持分移轉,01110000
RPPNMLSKMHIGFJB48CB,育賢段,23.51,都市：住,100000,401,持分移轉,02100000
RPQNMLRKMHIGFDB87CB,南村段,15.35,都市：商,100000,231,持分移轉,05460000
RPRNMLRKMHIGFJB58CB,壽平段,32.14,都市：住,100000,1094,持分移轉,05400000
RPRNMLSKMHIGFDB08CB,神圳段,23.05,都市：住,100000,1620,持分移轉,06430000
RPQNMLSKMHIGFDB97CB,豐田段,19.44,都市：住,100000,276,持分移轉,01110000
RPPNMLSKMHIGFCB77CB,惠民段,9.41,都市：其他:第六種新市政中心專用區,100000,311,持分移轉,01150000
RPPNMLSKMHIGFFB18DB,南簡段,56.26,都市：住,1,1,全筆移轉,03050010
RPPNMLSKMHIGFFB18DB,南簡段,1.89,都市：其他:綠地,19,1,持分移轉,03050004
RPPNMLSKMHIGFFB18DB,南簡段,9.50,都市：住,19,1,持分移轉,03050005
RPPNMLSKMHIGFFB18DB,南簡段,.87,都市：其他:綠地,19,1,持分移轉,03050006
RPPNMLSKMHIGFFB18DB,南簡段,6.79,都市：住,19,1,持分移轉,03050007
RPQNMLSKMHIGFCB87CB,中正段,.19,都市：商,100000,215,持分移轉,02350000
RPQNMLSKMHIGFCB87CB,中正段,10.32,都市：商,100000,215,持分移轉,02280000
RPRNMLSKMHIGFCB97CB,中正段,.18,都市：商,100000,203,持分移轉,02350000
RPRNMLSKMHIGFCB97CB,中正段,9.74,都市：商,100000,203,持分移轉,02280000
RPSNMLSKMHIGFCB08CB,中正段,.18,都市：商,100000,203,持分移轉,02350000
RPSNMLSKMHIGFCB08CB,中正段,9.74,都市：商,100000,203,持分移轉,02280000
RPVNMLSKMHIGFCB38CB,中正段,.19,都市：商,100000,215,持分移轉,02350000
RPVNMLSKMHIGFCB38CB,中正段,10.32,都市：商,100000,215,持分移轉,02280000
RPWNMLSKMHIGFCB48CB,惠民段,11.46,都市：其他:第六種新市政中心專用區,100000,379,持分移轉,01150000
RPTNMLSKMHIGFCB18CB,中正段,.19,都市：商,100000,207,持分移轉,02350000
RPTNMLSKMHIGFCB18CB,中正段,9.93,都市：商,100000,207,持分移轉,02280000
RPXNMLSKMHIGFCB58CB,惠民段,11.49,都市：其他:第六種新市政中心專用區,100000,380,持分移轉,01150000
RPUNMLSKMHIGFCB28CB,中正段,.19,都市：商,100000,215,持分移轉,02350000
RPUNMLSKMHIGFCB28CB,中正段,10.32,都市：商,100000,215,持分移轉,02280000
RPPOMLSKMHIGFCB87CB,寶文段,23.84,都市：住,100000,509,持分移轉,00350002
RPROMLSKMHIGFCB08CB,寶文段,23.51,都市：住,100000,502,持分移轉,00350002
RPQOMLSKMHIGFCB97CB,寶文段,30.91,都市：住,100000,660,持分移轉,00350002
RPSOMLSKMHIGFCB18CB,寶文段,30.02,都市：住,100000,641,持分移轉,00350002
RPTOMLSKMHIGFCB28CB,寶文段,30.82,都市：住,100000,658,持分移轉,00350002
RPWOMLSKMHIGFCB58CB,惠民段,11.46,都市：其他:第六種新市政中心專用區,100000,379,持分移轉,01150000
RPUOMLSKMHIGFCB38CB,寶文段,23.84,都市：住,100000,509,持分移轉,00350002
RPXOMLSKMHIGFCB68CB,惠民段,11.46,都市：其他:第六種新市政中心專用區,100000,379,持分移轉,01150000
RPOPMLSKMHIGFCB87CB,惠民段,11.49,都市：其他:第六種新市政中心專用區,100000,380,持分移轉,01150000
RPQPMLSKMHIGFCB08CB,惠民段,11.49,都市：其他:第六種新市政中心專用區,100000,380,持分移轉,01150000
RPPNMLSKMHIGFIB38CB,山頂段,21.89,都市：住,1000000,5443,持分移轉,07050000
RPPNMLSKMHIGFIB38CB,山頂段,2.94,都市：住,1000000,5443,持分移轉,07190000
RPQNMLSKMHIGFIB48CB,山頂段,21.61,都市：住,1000000,5372,持分移轉,07050000
RPQNMLSKMHIGFIB48CB,山頂段,2.90,都市：住,1000000,5372,持分移轉,07190000
RPRNMLSKMHIGFIB58CB,新榮泉段,14.63,都市：商,100000,756,持分移轉,00250000
RPTNMLSKMHIGFIB78CB,新榮泉段,14.63,都市：商,100000,756,持分移轉,00250000
RPOOMLSKMHIGFCB77CB,惠民段,9.41,都市：其他:第六種新市政中心專用區,100000,311,持分移轉,01150000
RPVNMLSKMHIGFIB98CB,山頂段,29.57,都市：住,1000000,7353,持分移轉,07050000
RPVNMLSKMHIGFIB98CB,山頂段,3.97,都市：住,1000000,7353,持分移轉,07190000
RPUNMLSKMHIGFIB88CB,新榮泉段,14.20,都市：商,100000,734,持分移轉,00250000
RPWNMLSKMHIGFIB09CB,山頂段,29.92,都市：住,1000000,7439,持分移轉,07050000
RPWNMLSKMHIGFIB09CB,山頂段,4.02,都市：住,1000000,7439,持分移轉,07190000
RPOOMLSKMHIGFIB38CB,山頂段,29.57,都市：住,1000000,7353,持分移轉,07050000
RPOOMLSKMHIGFIB38CB,山頂段,3.97,都市：住,1000000,7353,持分移轉,07190000
RPPNMLSKMHIGFEB97CB,松雅段,19.37,非都市：鄉村區 ; 非都市編定：乙種建築用地,10000,397,持分移轉,00100006
RPPNMLSKMHIGFGB18CB,東豐段,17.93,都市：住,100000,1056,持分移轉,00290000
RPPNMLSKMHIGFGB18CB,東豐段,6.48,都市：住,100000,1056,持分移轉,00350000
RPPNMLSKMHIGFGB18CB,東豐段,7.10,都市：住,100000,1056,持分移轉,00360000
RPPNMLSKMHIGFGB18CB,東豐段,3.81,都市：住,100000,1056,持分移轉,00370000
RPXNMLSKMHIGFIB56CB,山頂段,28.05,都市：住,1000000,6974,持分移轉,07050000
RPXNMLSKMHIGFIB56CB,山頂段,3.77,都市：住,1000000,6974,持分移轉,07190000
RPQNMLSKMHIGFGB28CB,東豐段,12.43,都市：住,100000,732,持分移轉,00290000
RPQNMLSKMHIGFGB28CB,東豐段,4.49,都市：住,100000,732,持分移轉,00350000
RPQNMLSKMHIGFGB28CB,東豐段,4.92,都市：住,100000,732,持分移轉,00360000
RPQNMLSKMHIGFGB28CB,東豐段,2.64,都市：住,100000,732,持分移轉,00370000
RPPNMLSKMHIGFBB67CB,崇德段,22.05,都市：商,100000,913,持分移轉,03820000
RPQNMLSKMHIGFBB77CB,崇德段,21.42,都市：商,100000,887,持分移轉,03820000
RPRNMLSKMHIGFBB87CB,環中段,40.50,都市：住,10000,100,持分移轉,03080000
RPPNMLSKMHIGFAB57CB,城隍段五小段,6.30,都市：商,100000,1203,持分移轉,00080014
RPPNMLSKMHIGFAB57CB,城隍段五小段,8.60,都市：商,100000,1203,持分移轉,00080015
RPPNMLSKMHIGFAB57CB,城隍段五小段,4.99,都市：商,100000,1203,持分移轉,00090003
RPPNMLSKMHIGFAB57CB,城隍段六小段,4.07,都市：商,100000,1203,持分移轉,00030000
RPPNMLSKMHIGFAB57CB,城隍段六小段,1.07,都市：商,100000,1203,持分移轉,00030002
RPPNMLSKMHIGFAB57CB,城隍段六小段,.57,都市：商,100000,1203,持分移轉,00040000
RPPNMLSKMHIGFAB57CB,城隍段六小段,.16,都市：住,100000,1203,持分移轉,00030010
RPPNMLSKMHIGFFB08CB,市鎮南段,14.02,都市：商,10000,28,持分移轉,00740000
RPQNMLSKMHIGFFB18CB,市鎮南段,8.51,都市：商,10000,17,持分移轉,00740000
RPSNMLSKMHIGFFB38CB,鹿寮段,27.83,都市：住,100000,4891,持分移轉,10250006
RPRNMLSKMHIGFFB28CB,鹿寮段,27.83,都市：住,100000,4891,持分移轉,10250006
RPQNMLTKMHIGFFB28CB,市鎮北段,11.44,都市：商,10000,19,持分移轉,00450000
RPPNMLTKMHIGFFB18CB,市鎮北段,15.05,都市：商,10000,25,持分移轉,00450000
RPRNMLTKMHIGFFB38CB,市鎮北段,12.64,都市：商,10000,21,持分移轉,00450000
RPUNMLSKMHIGFFB58CB,公館南段,97.90,都市：其他:農建地,1,1,全筆移轉,08070004
RPUNMLSKMHIGFFB58CB,公館南段,.16,都市：其他:農建地,30,1,持分移轉,08070034
RPUNMLSKMHIGFFB58CB,公館南段,.14,都市：其他:農建地,30,1,持分移轉,08070031
RPUNMLSKMHIGFFB58CB,公館南段,.00,都市：其他:農建地,30,1,持分移轉,08070035
RPUNMLSKMHIGFFB58CB,公館南段,.67,都市：其他:農建地,26,1,持分移轉,08070015
RPTNMLTKMHIGFFB58CB,市鎮北段,12.64,都市：商,10000,21,持分移轉,00450000
RPUNMLTKMHIGFFB68CB,市鎮北段,12.64,都市：商,10000,21,持分移轉,00450000
RPVNMLTKMHIGFFB78CB,市鎮北段,12.64,都市：商,10000,21,持分移轉,00450000
RPSNMLTKMHIGFFB48CB,市鎮北段,12.64,都市：商,10000,21,持分移轉,00450000
RPWNMLTKMHIGFFB88CB,市鎮北段,15.05,都市：商,10000,25,持分移轉,00450000
RPXNMLTKMHIGFFB98CB,市鎮北段,15.05,都市：商,10000,25,持分移轉,00450000
RPOOMLTKMHIGFFB18CB,市鎮南段,6.50,都市：商,100000,29,持分移轉,00970000
RPQOMLTKMHIGFFB38CB,市鎮南段,7.62,都市：商,100000,34,持分移轉,00970000
RPPOMLTKMHIGFFB28CB,市鎮南段,6.73,都市：商,100000,30,持分移轉,00970000
RPROMLTKMHIGFFB48CB,市鎮南段,6.50,都市：商,100000,29,持分移轉,00970000
RPSOMLTKMHIGFFB58CB,市鎮南段,13.23,都市：商,100000,59,持分移轉,00970000
RPUOMLTKMHIGFFB78CB,市鎮南段,6.73,都市：商,100000,30,持分移轉,00970000
RPTOMLTKMHIGFFB68CB,市鎮南段,6.50,都市：商,100000,29,持分移轉,00970000
RPVOMLTKMHIGFFB88CB,市鎮南段,9.42,都市：商,100000,42,持分移轉,00970000
RPWOMLTKMHIGFFB98CB,公館南段,89.10,都市：其他:農建地,1,1,全筆移轉,08070033
RPWOMLTKMHIGFFB98CB,公館南段,.16,都市：其他:農建地,30,1,持分移轉,08070034
RPWOMLTKMHIGFFB98CB,公館南段,.14,都市：其他:農建地,30,1,持分移轉,08070031
RPWOMLTKMHIGFFB98CB,公館南段,.00,都市：其他:農建地,30,1,持分移轉,08070035
RPOPMLTKMHIGFFB28CB,市鎮北段,10.83,都市：商,10000,18,持分移轉,00450000
RPPPMLTKMHIGFFB38CB,市鎮北段,10.83,都市：商,10000,18,持分移轉,00450000
RPXOMLTKMHIGFFB09CB,市鎮北段,10.83,都市：商,10000,18,持分移轉,00450000
RPQPMLTKMHIGFFB48CB,市鎮北段,10.83,都市：商,10000,18,持分移轉,00450000
RPSPMLTKMHIGFFB68CB,市鎮北段,10.83,都市：商,10000,18,持分移轉,00450000
RPRPMLTKMHIGFFB58CB,市鎮北段,10.83,都市：商,10000,18,持分移轉,00450000
RPUPMLTKMHIGFFB88CB,市鎮北段,15.05,都市：商,10000,25,持分移轉,00450000
RPVPMLTKMHIGFFB98CB,市鎮北段,15.05,都市：商,10000,25,持分移轉,00450000
RPTPMLTKMHIGFFB78CB,市鎮北段,10.83,都市：商,10000,18,持分移轉,00450000
RPWPMLTKMHIGFFB09CB,市鎮北段,15.05,都市：商,10000,25,持分移轉,00450000
RPXPMLTKMHIGFFB56CB,市鎮北段,15.05,都市：商,10000,25,持分移轉,00450000
RPPQMLTKMHIGFFB48CB,市鎮北段,15.05,都市：商,10000,25,持分移轉,00450000
RPQQMLTKMHIGFFB58CB,市鎮北段,9.63,都市：商,10000,16,持分移轉,00450000
RPRQMLTKMHIGFFB68CB,市鎮北段,9.63,都市：商,10000,16,持分移轉,00450000
RPSQMLTKMHIGFFB78CB,市鎮北段,9.63,都市：商,10000,16,持分移轉,00450000
RPUQMLTKMHIGFFB98CB,市鎮北段,9.63,都市：商,10000,16,持分移轉,00450000
RPVQMLTKMHIGFFB09CB,市鎮北段,9.63,都市：商,10000,16,持分移轉,00450000
RPXQMLTKMHIGFFB66CB,市鎮北段,9.63,都市：商,10000,16,持分移轉,00450000
RPWQMLTKMHIGFFB56CB,市鎮北段,9.63,都市：商,10000,16,持分移轉,00450000
RPTQMLTKMHIGFFB88CB,市鎮北段,9.63,都市：商,10000,16,持分移轉,00450000
RPQRMLTKMHIGFFB68CB,市鎮北段,14.45,都市：商,10000,24,持分移轉,00450000
RPPRMLTKMHIGFFB58CB,市鎮北段,14.45,都市：商,10000,24,持分移轉,00450000
RPRRMLTKMHIGFFB78CB,市鎮北段,14.45,都市：商,10000,24,持分移轉,00450000
RPORMLTKMHIGFFB48CB,市鎮北段,14.45,都市：商,10000,24,持分移轉,00450000
RPSRMLTKMHIGFFB88CB,市鎮北段,14.45,都市：商,10000,24,持分移轉,00450000
RPTRMLTKMHIGFFB98CB,市鎮北段,14.45,都市：商,10000,24,持分移轉,00450000
RPURMLTKMHIGFFB09CB,市鎮北段,14.45,都市：商,10000,24,持分移轉,00450000
RPWRMLTKMHIGFFB66CB,市鎮北段,13.84,都市：商,10000,23,持分移轉,00450000
RPVRMLTKMHIGFFB56CB,市鎮北段,13.84,都市：商,10000,23,持分移轉,00450000
RPXRMLTKMHIGFFB76CB,市鎮北段,13.84,都市：商,10000,23,持分移轉,00450000
RPOSMLTKMHIGFFB58CB,市鎮北段,14.45,都市：商,10000,24,持分移轉,00450000
RPQSMLTKMHIGFFB78CB,市鎮北段,14.45,都市：商,10000,24,持分移轉,00450000
RPPSMLTKMHIGFFB68CB,市鎮北段,14.45,都市：商,10000,24,持分移轉,00450000
RPRSMLTKMHIGFFB88CB,市鎮北段,14.45,都市：商,10000,24,持分移轉,00450000
RPSSMLTKMHIGFFB98CB,市鎮北段,13.24,都市：商,10000,22,持分移轉,00450000
RPTSMLTKMHIGFFB09CB,市鎮北段,13.24,都市：商,10000,22,持分移轉,00450000
RPUSMLTKMHIGFFB56CB,市鎮北段,13.24,都市：商,10000,22,持分移轉,00450000
RPVSMLTKMHIGFFB66CB,市鎮北段,13.24,都市：商,10000,22,持分移轉,00450000
RPXSMLTKMHIGFFB86CB,市鎮北段,13.24,都市：商,10000,22,持分移轉,00450000
RPOTMLTKMHIGFFB68CB,市鎮北段,13.24,都市：商,10000,22,持分移轉,00450000
RPPTMLTKMHIGFFB78CB,市鎮北段,13.24,都市：商,10000,22,持分移轉,00450000
RPRTMLTKMHIGFFB98CB,市鎮北段,9.63,都市：商,10000,16,持分移轉,00450000
RPQTMLTKMHIGFFB88CB,市鎮北段,9.63,都市：商,10000,16,持分移轉,00450000
RPWSMLTKMHIGFFB76CB,市鎮北段,13.24,都市：商,10000,22,持分移轉,00450000
RPSTMLTKMHIGFFB09CB,市鎮北段,9.63,都市：商,10000,16,持分移轉,00450000
RPTTMLTKMHIGFFB56CB,市鎮北段,9.63,都市：商,10000,16,持分移轉,00450000
RPVTMLTKMHIGFFB76CB,市鎮北段,9.63,都市：商,10000,16,持分移轉,00450000
RPUTMLTKMHIGFFB66CB,市鎮北段,9.63,都市：商,10000,16,持分移轉,00450000
RPXTMLTKMHIGFFB96CB,市鎮北段,15.65,都市：商,10000,26,持分移轉,00450000
RPOUMLTKMHIGFFB78CB,市鎮北段,15.65,都市：商,10000,26,持分移轉,00450000
RPWTMLTKMHIGFFB86CB,市鎮北段,9.63,都市：商,10000,16,持分移轉,00450000
RPRUMLTKMHIGFFB09CB,市鎮北段,11.44,都市：商,10000,19,持分移轉,00450000
RPQUMLTKMHIGFFB98CB,市鎮北段,11.44,都市：商,10000,19,持分移轉,00450000
RPPUMLTKMHIGFFB88CB,市鎮北段,11.44,都市：商,10000,19,持分移轉,00450000
RPTUMLTKMHIGFFB66CB,市鎮北段,11.44,都市：商,10000,19,持分移轉,00450000
RPUUMLTKMHIGFFB76CB,市鎮北段,11.44,都市：商,10000,19,持分移轉,00450000
RPWUMLTKMHIGFFB96CB,市鎮北段,11.44,都市：商,10000,19,持分移轉,00450000
RPSUMLTKMHIGFFB56CB,市鎮北段,11.44,都市：商,10000,19,持分移轉,00450000
RPVUMLTKMHIGFFB86CB,市鎮北段,11.44,都市：商,10000,19,持分移轉,00450000
RPXUMLTKMHIGFFB07CB,市鎮北段,11.44,都市：商,10000,19,持分移轉,00450000
RPPVMLTKMHIGFFB98CB,市鎮北段,11.44,都市：商,10000,19,持分移轉,00450000
RPOVMLTKMHIGFFB88CB,市鎮北段,11.44,都市：商,10000,19,持分移轉,00450000
RPQVMLTKMHIGFFB09CB,市鎮北段,14.45,都市：商,10000,24,持分移轉,00450000
RPRVMLTKMHIGFFB56CB,市鎮北段,14.45,都市：商,10000,24,持分移轉,00450000
RPSVMLTKMHIGFFB66CB,市鎮北段,14.45,都市：商,10000,24,持分移轉,00450000
RPUVMLTKMHIGFFB86CB,市鎮北段,14.45,都市：商,10000,24,持分移轉,00450000
RPTVMLTKMHIGFFB76CB,市鎮北段,14.45,都市：商,10000,24,持分移轉,00450000
RPWVMLTKMHIGFFB07CB,市鎮北段,14.45,都市：商,10000,24,持分移轉,00450000
RPVVMLTKMHIGFFB96CB,市鎮北段,14.45,都市：商,10000,24,持分移轉,00450000
RPPWMLTKMHIGFFB09CB,市鎮北段,9.63,都市：商,10000,16,持分移轉,00450000
RPQWMLTKMHIGFFB56CB,市鎮北段,9.63,都市：商,10000,16,持分移轉,00450000
RPOWMLTKMHIGFFB98CB,市鎮北段,17.46,都市：商,10000,29,持分移轉,00450000
RPRWMLTKMHIGFFB66CB,市鎮北段,9.63,都市：商,10000,16,持分移轉,00450000
RPTWMLTKMHIGFFB86CB,市鎮北段,9.63,都市：商,10000,16,持分移轉,00450000
RPSWMLTKMHIGFFB76CB,市鎮北段,9.63,都市：商,10000,16,持分移轉,00450000
RPWWMLTKMHIGFFB17CB,市鎮北段,7.22,都市：商,10000,12,持分移轉,00450000
RPVWMLTKMHIGFFB07CB,市鎮北段,9.63,都市：商,10000,16,持分移轉,00450000
RPUWMLTKMHIGFFB96CB,市鎮北段,9.63,都市：商,10000,16,持分移轉,00450000
RPXWMLTKMHIGFFB27CB,市鎮北段,10.83,都市：商,10000,18,持分移轉,00450000
RPONNLTKMHIGFFB18CB,市鎮北段,7.22,都市：商,10000,12,持分移轉,00450000
RPQNNLTKMHIGFFB38CB,市鎮北段,12.64,都市：商,10000,21,持分移轉,00450000
RPPNNLTKMHIGFFB28CB,市鎮北段,13.24,都市：商,10000,22,持分移轉,00450000
RPRNNLTKMHIGFFB48CB,市鎮北段,12.04,都市：商,10000,20,持分移轉,00450000
RPSNNLTKMHIGFFB58CB,新站段,24.05,都市：住,10000,120,持分移轉,00410000
RPPNMLTKMHIGFBB77CB,竹興段,65.57,都市：住,1,1,全筆移轉,00780045
RPPNMLTKMHIGFBB77CB,竹興段,24.74,都市：住,10000,511,持分移轉,00780047
RPPNMLTKMHIGFBB77CB,竹興段,2.62,都市：住,38,1,持分移轉,00780035
RPQNMLTKMHIGFBB87CB,溝背段,14.66,都市：住,100000,394,持分移轉,01430000
RPRNMLTKMHIGFBB97CB,溝背段,15.03,都市：住,100000,404,持分移轉,01430000
RPTNMLTKMHIGFBB18CB,溝背段,25.86,都市：住,100000,695,持分移轉,01430000
RPPNMLTKMHIGFAB67CB,土庫段,4.49,都市：住,100000,794,持分移轉,00670062
RPPNMLTKMHIGFAB67CB,土庫段,7.18,都市：商,100000,794,持分移轉,00670148
RPSNMLTKMHIGFBB08CB,溝背段,15.03,都市：住,100000,404,持分移轉,01430000
RPWNMLTKMHIGFBB48CB,溝背段,15.03,都市：住,100000,404,持分移轉,01430000
RPUNMLTKMHIGFBB28CB,溝背段,14.66,都市：住,100000,394,持分移轉,01430000
RPVNMLTKMHIGFBB38CB,溝背段,15.03,都市：住,100000,404,持分移轉,01430000
RPXNMLTKMHIGFBB58CB,溝背段,25.86,都市：住,100000,695,持分移轉,01430000
RPPOMLTKMHIGFBB87CB,平田段,24.51,都市：住,100000,1023,持分移轉,09580000
RPPOMLTKMHIGFBB87CB,仁平段,1.75,都市：住,100000,1023,持分移轉,03800000
RPOOMLTKMHIGFBB77CB,溝背段,25.86,都市：住,100000,695,持分移轉,01430000
RPQOMLTKMHIGFBB97CB,平田段,21.56,都市：住,100000,900,持分移轉,09580000
RPQOMLTKMHIGFBB97CB,仁平段,1.54,都市：住,100000,900,持分移轉,03800000
RPSOMLTKMHIGFBB18CB,仁平段,60.27,都市：住,100000,1262,持分移轉,02660000
RPUOMLTKMHIGFBB38CB,仁平段,60.08,都市：住,100000,1258,持分移轉,02660000
RPROMLTKMHIGFBB08CB,平田段,24.51,都市：住,100000,1023,持分移轉,09580000
RPROMLTKMHIGFBB08CB,仁平段,1.75,都市：住,100000,1023,持分移轉,03800000
RPPNMLTKMHIGFKB68CB,龍目井段龍目井小段,24.42,都市：住,100000,2173,持分移轉,00890000
RPTOMLTKMHIGFBB28CB,仁平段,53.78,都市：住,100000,1126,持分移轉,02660000
RPPNMLTKMHIGFKB68CB,龍目井段龍目井小段,9.10,都市：住,50,1,持分移轉,00890006
RPQNMLTKMHIGFKB78CB,龍目井段龍目井小段,24.42,都市：住,100000,2173,持分移轉,00890000
RPQNMLTKMHIGFKB78CB,龍目井段龍目井小段,9.10,都市：住,50,1,持分移轉,00890006
RPRNMLTKMHIGFKB88CB,龍目井段龍目井小段,28.74,都市：住,100000,2557,持分移轉,00890000
RPRNMLTKMHIGFKB88CB,龍目井段龍目井小段,9.10,都市：住,50,1,持分移轉,00890006
RPSNMLTKMHIGFKB98CB,龍目井段龍目井小段,27.57,都市：住,100000,2453,持分移轉,00890000
RPSNMLTKMHIGFKB98CB,龍目井段龍目井小段,9.10,都市：住,50,1,持分移轉,00890006
RPUNMLTKMHIGFKB56CB,忠和段,25.92,都市：住,10000,238,持分移轉,01650000
RPUNMLTKMHIGFKB56CB,忠和段,.43,都市：住,10000,238,持分移轉,24570001
RPUNMLTKMHIGFKB56CB,忠和段,.45,都市：住,10000,238,持分移轉,24570002
RPTNMLTKMHIGFKB09CB,龍目井段龍目井小段,27.57,都市：住,100000,2453,持分移轉,00890000
RPTNMLTKMHIGFKB09CB,龍目井段龍目井小段,9.10,都市：住,50,1,持分移轉,00890006
RPVNMLTKMHIGFKB66CB,東海段,24.23,都市：住,10000,473,持分移轉,00980055
RPWNMLTKMHIGFKB76CB,龍目井段龍目井小段,64.00,都市：住,1,1,全筆移轉,00890015
RPPNMLTKMHIGFIB48CB,新榮泉段,14.24,都市：商,100000,736,持分移轉,00250000
RPQNMLTKMHIGFIB58CB,山頂段,29.57,都市：住,1000000,7353,持分移轉,07050000
RPQNMLTKMHIGFIB58CB,山頂段,3.97,都市：住,1000000,7353,持分移轉,07190000
RPRNMLTKMHIGFIB68CB,新高鐵段,14.63,都市：商,100000,104,持分移轉,00310000
RPSNMLTKMHIGFIB78CB,新高鐵段,14.77,都市：商,100000,105,持分移轉,00310000
RPTNMLTKMHIGFIB88CB,山頂段,29.57,都市：住,1000000,7353,持分移轉,07050000
RPTNMLTKMHIGFIB88CB,山頂段,3.97,都市：住,1000000,7353,持分移轉,07190000
RPUNMLTKMHIGFIB98CB,山頂段,29.57,都市：住,1000000,7353,持分移轉,07050000
RPUNMLTKMHIGFIB98CB,山頂段,3.97,都市：住,1000000,7353,持分移轉,07190000
RPWNMLTKMHIGFIB56CB,山頂段,29.83,都市：住,1000000,7416,持分移轉,07050000
RPWNMLTKMHIGFIB56CB,山頂段,4.01,都市：住,1000000,7416,持分移轉,07190000
RPXNMLTKMHIGFIB66CB,山頂段,21.61,都市：住,1000000,5372,持分移轉,07050000
RPXNMLTKMHIGFIB66CB,山頂段,2.90,都市：住,1000000,5372,持分移轉,07190000
RPPNMLTKMHIGFCB87CB,埔興段,24.70,都市：住,100000,1707,持分移轉,04630000
RPRNMLTKMHIGFCB08CB,廣福段,21.86,都市：工,100000,805,持分移轉,03360000
RPQNMLTKMHIGFCB97CB,埔興段,24.70,都市：住,100000,1707,持分移轉,04630000
RPSNMLTKMHIGFCB18CB,廣福段,21.92,都市：農,100000,807,持分移轉,03360000
RPVNMLTKMHIGFCB48CB,何厝段,7.38,都市：商,100000,134,持分移轉,00870000
RPXNMLTKMHIGFCB68CB,何厝段,9.53,都市：商,100000,173,持分移轉,00870000
RPWNMLTKMHIGFCB58CB,何厝段,7.38,都市：商,100000,134,持分移轉,00870000
RPUNMLTKMHIGFCB38CB,西屯段,25.62,都市：住,10000,102,持分移轉,22590000
RPOOMLTKMHIGFCB87CB,何厝段,12.01,都市：商,100000,218,持分移轉,00870000
RPQOMLTKMHIGFCB08CB,大進段,.96,都市：住,100000,882,持分移轉,09150001
RPQOMLTKMHIGFCB08CB,大進段,.96,都市：住,100000,882,持分移轉,09150002
RPQOMLTKMHIGFCB08CB,大進段,.96,都市：住,100000,882,持分移轉,09150003
RPQOMLTKMHIGFCB08CB,大進段,.96,都市：住,100000,882,持分移轉,09150004
RPQOMLTKMHIGFCB08CB,大進段,.96,都市：住,100000,882,持分移轉,09150005
RPQOMLTKMHIGFCB08CB,大進段,.96,都市：住,100000,882,持分移轉,09150006
RPQOMLTKMHIGFCB08CB,大進段,.96,都市：住,100000,882,持分移轉,09150007
RPQOMLTKMHIGFCB08CB,大進段,.96,都市：住,100000,882,持分移轉,09150008
RPQOMLTKMHIGFCB08CB,大進段,.96,都市：住,100000,882,持分移轉,09150009
RPQOMLTKMHIGFCB08CB,大進段,.97,都市：住,100000,882,持分移轉,09150010
RPQOMLTKMHIGFCB08CB,大進段,.97,都市：住,100000,882,持分移轉,09150011
RPQOMLTKMHIGFCB08CB,大進段,.56,都市：住,100000,882,持分移轉,09280000
RPQOMLTKMHIGFCB08CB,大進段,1.61,都市：住,100000,882,持分移轉,09280005
RPQOMLTKMHIGFCB08CB,大進段,.56,都市：住,100000,882,持分移轉,09300000
RPQOMLTKMHIGFCB08CB,大進段,.56,都市：住,100000,882,持分移轉,09300001
RPROMLTKMHIGFCB18CB,大進段,.58,都市：住,100000,530,持分移轉,09150001
RPQOMLTKMHIGFCB08CB,大進段,1.68,都市：住,100000,882,持分移轉,09300002
RPROMLTKMHIGFCB18CB,大進段,.58,都市：住,100000,530,持分移轉,09150002
RPQOMLTKMHIGFCB08CB,大進段,1.68,都市：住,100000,882,持分移轉,09300003
RPROMLTKMHIGFCB18CB,大進段,.58,都市：住,100000,530,持分移轉,09150003
RPROMLTKMHIGFCB18CB,大進段,.58,都市：住,100000,530,持分移轉,09150004
RPROMLTKMHIGFCB18CB,大進段,.58,都市：住,100000,530,持分移轉,09150005
RPROMLTKMHIGFCB18CB,大進段,.58,都市：住,100000,530,持分移轉,09150006
RPTOMLTKMHIGFCB38CB,豐富段,21.78,都市：商,100000,1097,持分移轉,04330000
RPROMLTKMHIGFCB18CB,大進段,.58,都市：住,100000,530,持分移轉,09150007
RPROMLTKMHIGFCB18CB,大進段,.58,都市：住,100000,530,持分移轉,09150008
RPROMLTKMHIGFCB18CB,大進段,.58,都市：住,100000,530,持分移轉,09150009
RPROMLTKMHIGFCB18CB,大進段,.58,都市：住,100000,530,持分移轉,09150010
RPROMLTKMHIGFCB18CB,大進段,.58,都市：住,100000,530,持分移轉,09150011
RPROMLTKMHIGFCB18CB,大進段,.33,都市：住,100000,530,持分移轉,09280000
RPROMLTKMHIGFCB18CB,大進段,.97,都市：住,100000,530,持分移轉,09280005
RPROMLTKMHIGFCB18CB,大進段,.34,都市：住,100000,530,持分移轉,09300000
RPROMLTKMHIGFCB18CB,大進段,.34,都市：住,100000,530,持分移轉,09300001
RPROMLTKMHIGFCB18CB,大進段,1.01,都市：住,100000,530,持分移轉,09300002
RPROMLTKMHIGFCB18CB,大進段,1.01,都市：住,100000,530,持分移轉,09300003
RPPOMLTKMHIGFCB97CB,大進段,.58,都市：住,100000,530,持分移轉,09150001
RPPOMLTKMHIGFCB97CB,大進段,.58,都市：住,100000,530,持分移轉,09150002
RPPOMLTKMHIGFCB97CB,大進段,.58,都市：住,100000,530,持分移轉,09150003
RPPOMLTKMHIGFCB97CB,大進段,.58,都市：住,100000,530,持分移轉,09150004
RPPOMLTKMHIGFCB97CB,大進段,.58,都市：住,100000,530,持分移轉,09150005
RPPOMLTKMHIGFCB97CB,大進段,.58,都市：住,100000,530,持分移轉,09150006
RPPOMLTKMHIGFCB97CB,大進段,.58,都市：住,100000,530,持分移轉,09150007
RPPOMLTKMHIGFCB97CB,大進段,.58,都市：住,100000,530,持分移轉,09150008
RPPOMLTKMHIGFCB97CB,大進段,.58,都市：住,100000,530,持分移轉,09150009
RPPOMLTKMHIGFCB97CB,大進段,.58,都市：住,100000,530,持分移轉,09150010
RPPOMLTKMHIGFCB97CB,大進段,.58,都市：住,100000,530,持分移轉,09150011
RPPOMLTKMHIGFCB97CB,大進段,.33,都市：住,100000,530,持分移轉,09280000
RPPOMLTKMHIGFCB97CB,大進段,.97,都市：住,100000,530,持分移轉,09280005
RPPOMLTKMHIGFCB97CB,大進段,.34,都市：住,100000,530,持分移轉,09300000
RPPOMLTKMHIGFCB97CB,大進段,.34,都市：住,100000,530,持分移轉,09300001
RPPOMLTKMHIGFCB97CB,大進段,1.01,都市：住,100000,530,持分移轉,09300002
RPPOMLTKMHIGFCB97CB,大進段,1.01,都市：住,100000,530,持分移轉,09300003
RPSOMLTKMHIGFCB28CB,大進段,.58,都市：住,100000,530,持分移轉,09150001
RPSOMLTKMHIGFCB28CB,大進段,.58,都市：住,100000,530,持分移轉,09150002
RPSOMLTKMHIGFCB28CB,大進段,.58,都市：住,100000,530,持分移轉,09150003
RPSOMLTKMHIGFCB28CB,大進段,.58,都市：住,100000,530,持分移轉,09150004
RPSOMLTKMHIGFCB28CB,大進段,.58,都市：住,100000,530,持分移轉,09150005
RPSOMLTKMHIGFCB28CB,大進段,.58,都市：住,100000,530,持分移轉,09150006
RPSOMLTKMHIGFCB28CB,大進段,.58,都市：住,100000,530,持分移轉,09150007
RPSOMLTKMHIGFCB28CB,大進段,.58,都市：住,100000,530,持分移轉,09150008
RPSOMLTKMHIGFCB28CB,大進段,.58,都市：住,100000,530,持分移轉,09150009
RPSOMLTKMHIGFCB28CB,大進段,.58,都市：住,100000,530,持分移轉,09150010
RPSOMLTKMHIGFCB28CB,大進段,.58,都市：住,100000,530,持分移轉,09150011
RPSOMLTKMHIGFCB28CB,大進段,.33,都市：住,100000,530,持分移轉,09280000
RPSOMLTKMHIGFCB28CB,大進段,.97,都市：住,100000,530,持分移轉,09280005
RPSOMLTKMHIGFCB28CB,大進段,.34,都市：住,100000,530,持分移轉,09300000
RPSOMLTKMHIGFCB28CB,大進段,.34,都市：住,100000,530,持分移轉,09300001
RPSOMLTKMHIGFCB28CB,大進段,1.01,都市：住,100000,530,持分移轉,09300002
RPSOMLTKMHIGFCB28CB,大進段,1.01,都市：住,100000,530,持分移轉,09300003
RPUOMLTKMHIGFCB48CB,豐富段,21.78,都市：商,100000,1097,持分移轉,04330000
RPWOMLTKMHIGFCB68CB,豐富段,14.58,都市：商,100000,734,持分移轉,04330000
RPXOMLTKMHIGFCB78CB,豐富段,14.58,都市：商,100000,734,持分移轉,04330000
RPVOMLTKMHIGFCB58CB,豐富段,21.27,都市：商,100000,1071,持分移轉,04330000
RPOPMLTKMHIGFCB97CB,豐富段,15.39,都市：商,100000,775,持分移轉,04330000
RPUPMLTKMHIGFCB58CB,豐富段,20.81,都市：商,100000,1048,持分移轉,04330000
RPTPMLTKMHIGFCB48CB,豐富段,21.27,都市：商,100000,1071,持分移轉,04330000
RPVPMLTKMHIGFCB68CB,豐富段,20.81,都市：商,100000,1048,持分移轉,04330000
RPWPMLTKMHIGFCB78CB,豐富段,18.67,都市：商,100000,940,持分移轉,04330000
RPXPMLTKMHIGFCB88CB,惠來厝段,1.71,都市：住,100000,261,持分移轉,03050000
RPXPMLTKMHIGFCB88CB,惠來厝段,5.79,都市：住,100000,261,持分移轉,03110000
RPXPMLTKMHIGFCB88CB,惠來厝段,7.31,都市：住,100000,261,持分移轉,03140000
RPXPMLTKMHIGFCB88CB,惠來厝段,.31,都市：住,100000,261,持分移轉,03140003
RPOQMLTKMHIGFCB08CB,惠來厝段,1.71,都市：住,100000,261,持分移轉,03050000
RPOQMLTKMHIGFCB08CB,惠來厝段,5.79,都市：住,100000,261,持分移轉,03110000
RPOQMLTKMHIGFCB08CB,惠來厝段,7.31,都市：住,100000,261,持分移轉,03140000
RPOQMLTKMHIGFCB08CB,惠來厝段,.31,都市：住,100000,261,持分移轉,03140003
RPPQMLTKMHIGFCB18CB,惠來厝段,1.71,都市：住,100000,261,持分移轉,03050000
RPPQMLTKMHIGFCB18CB,惠來厝段,5.79,都市：住,100000,261,持分移轉,03110000
RPPQMLTKMHIGFCB18CB,惠來厝段,7.31,都市：住,100000,261,持分移轉,03140000
RPPQMLTKMHIGFCB18CB,惠來厝段,.31,都市：住,100000,261,持分移轉,03140003
RPRQMLTKMHIGFCB38CB,惠來厝段,2.58,都市：住,100000,392,持分移轉,03050000
RPRQMLTKMHIGFCB38CB,惠來厝段,8.70,都市：住,100000,392,持分移轉,03110000
RPRQMLTKMHIGFCB38CB,惠來厝段,10.98,都市：住,100000,392,持分移轉,03140000
RPRQMLTKMHIGFCB38CB,惠來厝段,.47,都市：住,100000,392,持分移轉,03140003
RPSQMLTKMHIGFCB48CB,福德段,9.43,都市：住,100000,1077,持分移轉,00370000
RPSQMLTKMHIGFCB48CB,福德段,10.75,都市：住,100000,1077,持分移轉,00420000
RPQQMLTKMHIGFCB28CB,惠來厝段,2.38,都市：住,100000,362,持分移轉,03050000
RPQQMLTKMHIGFCB28CB,惠來厝段,8.03,都市：住,100000,362,持分移轉,03110000
RPQQMLTKMHIGFCB28CB,惠來厝段,10.14,都市：住,100000,362,持分移轉,03140000
RPQQMLTKMHIGFCB28CB,惠來厝段,.43,都市：住,100000,362,持分移轉,03140003
RPTQMLTKMHIGFCB58CB,福德段,5.89,都市：住,100000,673,持分移轉,00370000
RPTQMLTKMHIGFCB58CB,福德段,6.72,都市：住,100000,673,持分移轉,00420000
RPVQMLTKMHIGFCB78CB,福德段,5.89,都市：住,100000,673,持分移轉,00370000
RPVQMLTKMHIGFCB78CB,福德段,6.72,都市：住,100000,673,持分移轉,00420000
RPWQMLTKMHIGFCB88CB,福德段,5.89,都市：住,100000,673,持分移轉,00370000
RPWQMLTKMHIGFCB88CB,福德段,6.72,都市：住,100000,673,持分移轉,00420000
RPXQMLTKMHIGFCB98CB,建功段,1.18,都市：住,100000,181,持分移轉,00040000
RPXQMLTKMHIGFCB98CB,建功段,3.17,都市：住,100000,181,持分移轉,00050000
RPXQMLTKMHIGFCB98CB,建功段,10.43,都市：住,100000,181,持分移轉,00060000
RPPNMLTKMHIGFDB97CB,中和東段,32.21,都市：住,100000,1467,持分移轉,12000000
RPUQMLTKMHIGFCB68CB,福德段,8.01,都市：住,100000,915,持分移轉,00370000
RPUQMLTKMHIGFCB68CB,福德段,9.14,都市：住,100000,915,持分移轉,00420000
RPPNMLTKMHIGFJB58CB,育賢段,12.70,都市：住,10000,20,持分移轉,01840004
RPRNMLTKMHIGFJB78CB,育賢段,24.16,都市：住,100000,412,持分移轉,02100000
RPQNMLTKMHIGFJB68CB,育賢段,25.74,都市：住,100000,439,持分移轉,02100000
RPQNMLKLMHIGFJB87CB,育賢段,21.48,都市：住,10000,25,持分移轉,02010000
RPSNMLKLMHIGFJB08CB,育賢段,18.05,都市：住,10000,21,持分移轉,02010000
RPRNMLKLMHIGFJB97CB,育賢段,21.48,都市：住,10000,25,持分移轉,02010000
RPTNMLKLMHIGFJB18CB,育賢段,17.19,都市：住,10000,20,持分移轉,02010000
RPPNMLKLMHIGFJB77CB,育賢段,20.62,都市：住,10000,24,持分移轉,02010000
RPRNMLKLMHIGFBB27DB,東光段,5.27,都市：住,100000,2836,持分移轉,03540010
RPRNMLKLMHIGFBB27DB,東光段,4.71,都市：住,100000,2836,持分移轉,03540005
RPRNMLKLMHIGFBB27DB,東光段,3.06,都市：住,100000,2836,持分移轉,03540004
RPRNMLKLMHIGFBB27DB,東光段,2.72,都市：住,100000,2836,持分移轉,03540003
RPSNMLKLMHIGFBB37DB,東光段,5.27,都市：住,100000,2836,持分移轉,03540010
RPRNMLKLMHIGFBB27DB,東光段,.40,都市：住,100000,2836,持分移轉,03530002
RPSNMLKLMHIGFBB37DB,東光段,4.71,都市：住,100000,2836,持分移轉,03540005
RPRNMLKLMHIGFBB27DB,東光段,3.97,都市：住,100000,2836,持分移轉,03530000
RPSNMLKLMHIGFBB37DB,東光段,3.06,都市：住,100000,2836,持分移轉,03540004
RPSNMLKLMHIGFBB37DB,東光段,2.72,都市：住,100000,2836,持分移轉,03540003
RPSNMLKLMHIGFBB37DB,東光段,.40,都市：住,100000,2836,持分移轉,03530002
RPSNMLKLMHIGFBB37DB,東光段,3.97,都市：住,100000,2836,持分移轉,03530000
RPQNMLKLMHIGFBB17DB,東光段,5.27,都市：住,100000,2836,持分移轉,03540010
RPQNMLKLMHIGFBB17DB,東光段,4.71,都市：住,100000,2836,持分移轉,03540005
RPQNMLKLMHIGFBB17DB,東光段,3.06,都市：住,100000,2836,持分移轉,03540004
RPQNMLKLMHIGFBB17DB,東光段,2.72,都市：住,100000,2836,持分移轉,03540003
RPQNMLKLMHIGFBB17DB,東光段,.40,都市：住,100000,2836,持分移轉,03530002
RPQNMLKLMHIGFBB17DB,東光段,3.97,都市：住,100000,2836,持分移轉,03530000
RPTNMLKLMHIGFBB47DB,東光段,5.27,都市：住,100000,2836,持分移轉,03540010
RPTNMLKLMHIGFBB47DB,東光段,4.71,都市：住,100000,2836,持分移轉,03540005
RPTNMLKLMHIGFBB47DB,東光段,3.06,都市：住,100000,2836,持分移轉,03540004
RPTNMLKLMHIGFBB47DB,東光段,2.72,都市：住,100000,2836,持分移轉,03540003
RPTNMLKLMHIGFBB47DB,東光段,.40,都市：住,100000,2836,持分移轉,03530002
RPTNMLKLMHIGFBB47DB,東光段,3.97,都市：住,100000,2836,持分移轉,03530000
RPUNMLKLMHIGFBB57DB,東光段,5.23,都市：住,100000,2810,持分移轉,03540010
RPUNMLKLMHIGFBB57DB,東光段,4.66,都市：住,100000,2810,持分移轉,03540005
RPUNMLKLMHIGFBB57DB,東光段,3.03,都市：住,100000,2810,持分移轉,03540004
RPUNMLKLMHIGFBB57DB,東光段,2.70,都市：住,100000,2810,持分移轉,03540003
RPUNMLKLMHIGFBB57DB,東光段,.39,都市：住,100000,2810,持分移轉,03530002
RPUNMLKLMHIGFBB57DB,東光段,3.93,都市：住,100000,2810,持分移轉,03530000
RPWNMLKLMHIGFBB77DB,東光段,5.26,都市：住,100000,2830,持分移轉,03540010
RPWNMLKLMHIGFBB77DB,東光段,4.70,都市：住,100000,2830,持分移轉,03540005
RPWNMLKLMHIGFBB77DB,東光段,3.06,都市：住,100000,2830,持分移轉,03540004
RPXNMLKLMHIGFBB87DB,東光段,5.26,都市：住,100000,2830,持分移轉,03540010
RPWNMLKLMHIGFBB77DB,東光段,2.72,都市：住,100000,2830,持分移轉,03540003
RPXNMLKLMHIGFBB87DB,東光段,4.70,都市：住,100000,2830,持分移轉,03540005
RPWNMLKLMHIGFBB77DB,東光段,.40,都市：住,100000,2830,持分移轉,03530002
RPXNMLKLMHIGFBB87DB,東光段,3.06,都市：住,100000,2830,持分移轉,03540004
RPWNMLKLMHIGFBB77DB,東光段,3.96,都市：住,100000,2830,持分移轉,03530000
RPXNMLKLMHIGFBB87DB,東光段,2.72,都市：住,100000,2830,持分移轉,03540003
RPXNMLKLMHIGFBB87DB,東光段,.40,都市：住,100000,2830,持分移轉,03530002
RPXNMLKLMHIGFBB87DB,東光段,3.96,都市：住,100000,2830,持分移轉,03530000
RPPNMLKLMHIGFCB07CB,惠國段,17.55,都市：其他:第三種新市政中心專用區,100000,599,持分移轉,00810000
RPPNMLKLMHIGFCB07CB,惠國段,11.05,都市：其他:第三種新市政中心專用區,100000,599,持分移轉,00820000
RPQOMLKLMHIGFBB27DB,東光段,5.91,都市：住,100000,3179,持分移轉,03540010
RPQOMLKLMHIGFBB27DB,東光段,5.28,都市：住,100000,3179,持分移轉,03540005
RPQOMLKLMHIGFBB27DB,東光段,3.43,都市：住,100000,3179,持分移轉,03540004
RPQOMLKLMHIGFBB27DB,東光段,3.05,都市：住,100000,3179,持分移轉,03540003
RPQOMLKLMHIGFBB27DB,東光段,.45,都市：住,100000,3179,持分移轉,03530002
RPQOMLKLMHIGFBB27DB,東光段,4.45,都市：住,100000,3179,持分移轉,03530000
RPOOMLKLMHIGFBB07DB,東光段,5.26,都市：住,100000,2830,持分移轉,03540010
RPOOMLKLMHIGFBB07DB,東光段,4.70,都市：住,100000,2830,持分移轉,03540005
RPOOMLKLMHIGFBB07DB,東光段,3.06,都市：住,100000,2830,持分移轉,03540004
RPOOMLKLMHIGFBB07DB,東光段,2.72,都市：住,100000,2830,持分移轉,03540003
RPOOMLKLMHIGFBB07DB,東光段,.40,都市：住,100000,2830,持分移轉,03530002
RPOOMLKLMHIGFBB07DB,東光段,3.96,都市：住,100000,2830,持分移轉,03530000
RPVNMLKLMHIGFBB67DB,東光段,5.23,都市：住,100000,2810,持分移轉,03540010
RPVNMLKLMHIGFBB67DB,東光段,4.66,都市：住,100000,2810,持分移轉,03540005
RPVNMLKLMHIGFBB67DB,東光段,3.03,都市：住,100000,2810,持分移轉,03540004
RPVNMLKLMHIGFBB67DB,東光段,2.70,都市：住,100000,2810,持分移轉,03540003
RPVNMLKLMHIGFBB67DB,東光段,.39,都市：住,100000,2810,持分移轉,03530002
RPVNMLKLMHIGFBB67DB,東光段,3.93,都市：住,100000,2810,持分移轉,03530000
RPPOMLKLMHIGFBB17DB,東光段,5.26,都市：住,100000,2830,持分移轉,03540010
RPPOMLKLMHIGFBB17DB,東光段,4.70,都市：住,100000,2830,持分移轉,03540005
RPPOMLKLMHIGFBB17DB,東光段,3.06,都市：住,100000,2830,持分移轉,03540004
RPPOMLKLMHIGFBB17DB,東光段,2.72,都市：住,100000,2830,持分移轉,03540003
RPPOMLKLMHIGFBB17DB,東光段,.40,都市：住,100000,2830,持分移轉,03530002
RPPOMLKLMHIGFBB17DB,東光段,3.96,都市：住,100000,2830,持分移轉,03530000
RPQNMLKLMHIGFCB17CB,建功段,.87,都市：住,100000,133,持分移轉,00040000
RPQNMLKLMHIGFCB17CB,建功段,2.33,都市：住,100000,133,持分移轉,00050000
RPQNMLKLMHIGFCB17CB,建功段,7.67,都市：住,100000,133,持分移轉,00060000
RPSNMLKLMHIGFCB37CB,田心段,23.18,都市：住,1000000,5172,持分移轉,14800000
RPPNMLKLMHIGFCB17DB,永富段,124.26,都市：其他:第一之B種住宅區,1,1,全筆移轉,05960025
RPPNMLKLMHIGFCB17DB,永富段,28.80,都市：其他:第一之B種住宅區,100000,4042,持分移轉,05960006
RPPNMLKLMHIGFCB17DB,永富段,1.58,都市：其他:第一之B種住宅區,100000,4042,持分移轉,05960026
RPTNMLKLMHIGFCB47CB,田心段,23.18,都市：住,1000000,5172,持分移轉,14800000
RPQNMLKLMHIGFCB27DB,永富段,103.73,都市：其他:第一之B種住宅區,1,1,全筆移轉,05960012
RPQNMLKLMHIGFCB27DB,永富段,28.80,都市：其他:第一之B種住宅區,100000,4042,持分移轉,05960006
RPQNMLKLMHIGFCB27DB,永富段,1.58,都市：其他:第一之B種住宅區,100000,4042,持分移轉,05960026
RPPNMLKLMHIGFIB67CB,大忠段,27.46,都市：住,100000,2623,持分移轉,02020000
RPRNMLKLMHIGFCB37DB,永富段,108.21,都市：其他:第一之B種住宅區,1,1,全筆移轉,05960013
RPRNMLKLMHIGFCB37DB,永富段,28.80,都市：其他:第一之B種住宅區,100000,4042,持分移轉,05960006
RPRNMLKLMHIGFCB37DB,永富段,1.58,都市：其他:第一之B種住宅區,100000,4042,持分移轉,05960026
RPRNMLKLMHIGFCB27CB,田心段,18.90,都市：住,1000000,4216,持分移轉,14800000
RPQNMLKLMHIGFIB77CB,大忠段,27.46,都市：住,100000,2623,持分移轉,02020000
RPSNMLKLMHIGFIB97CB,大忠段,27.73,都市：住,100000,2648,持分移轉,02020000
RPTNMLKLMHIGFIB08CB,大忠段,27.73,都市：住,100000,2648,持分移轉,02020000
RPRNMLKLMHIGFIB87CB,大忠段,27.46,都市：住,100000,2623,持分移轉,02020000
RPUNMLKLMHIGFIB18CB,大忠段,27.43,都市：住,100000,2620,持分移轉,02020000
RPVNMLKLMHIGFIB28CB,大忠段,27.43,都市：住,100000,2620,持分移轉,02020000
RPXNMLKLMHIGFIB48CB,新榮泉段,16.53,都市：商,100000,854,持分移轉,00250000
RPWNMLKLMHIGFIB38CB,新榮泉段,16.53,都市：商,100000,854,持分移轉,00250000
RPOOMLKLMHIGFIB67CB,新榮泉段,16.53,都市：商,100000,854,持分移轉,00250000
RPPOMLKLMHIGFIB77CB,新榮泉段,14.20,都市：商,100000,734,持分移轉,00250000
RPPNMLKLMHIGFBB96CB,文北段,20.98,都市：住,100000,948,持分移轉,00680000
RPPNMLKLMHIGFBB96CB,文北段,39.46,都市：住,100000,948,持分移轉,00690000
RPQNMLKLMHIGFBB07CB,碧柳段,2.96,都市：住,100000,518,持分移轉,02150000
RPQNMLKLMHIGFBB07CB,碧柳段,3.22,都市：住,100000,518,持分移轉,02160000
RPQNMLKLMHIGFBB07CB,碧柳段,6.44,都市：住,100000,518,持分移轉,02170000
RPQNMLKLMHIGFBB07CB,碧柳段,10.24,都市：住,100000,518,持分移轉,02180000
RPTNMLKLMHIGFBB37CB,仁德段,22.82,都市：住,100000,1280,持分移轉,09790000
RPTNMLKLMHIGFBB37CB,仁德段,.04,都市：住,100000,1280,持分移轉,09790001
RPTNMLKLMHIGFBB37CB,仁德段,11.94,都市：住,100000,1280,持分移轉,09810006
RPRNMLKLMHIGFBB17CB,碧柳段,3.07,都市：住,100000,537,持分移轉,02150000
RPRNMLKLMHIGFBB17CB,碧柳段,3.34,都市：住,100000,537,持分移轉,02160000
RPRNMLKLMHIGFBB17CB,碧柳段,6.67,都市：住,100000,537,持分移轉,02170000
RPRNMLKLMHIGFBB17CB,碧柳段,10.61,都市：住,100000,537,持分移轉,02180000
RPVNMLKLMHIGFBB57CB,仁德段,17.74,都市：住,100000,995,持分移轉,09790000
RPVNMLKLMHIGFBB57CB,仁德段,.03,都市：住,100000,995,持分移轉,09790001
RPVNMLKLMHIGFBB57CB,仁德段,9.28,都市：住,100000,995,持分移轉,09810006
RPUNMLKLMHIGFBB47CB,碧柳段,3.07,都市：住,100000,537,持分移轉,02150000
RPUNMLKLMHIGFBB47CB,碧柳段,3.34,都市：住,100000,537,持分移轉,02160000
RPUNMLKLMHIGFBB47CB,碧柳段,6.67,都市：住,100000,537,持分移轉,02170000
RPUNMLKLMHIGFBB47CB,碧柳段,10.61,都市：住,100000,537,持分移轉,02180000
RPOOMLKLMHIGFBB96CB,仁德段,17.74,都市：住,100000,995,持分移轉,09790000
RPOOMLKLMHIGFBB96CB,仁德段,.03,都市：住,100000,995,持分移轉,09790001
RPOOMLKLMHIGFBB96CB,仁德段,9.28,都市：住,100000,995,持分移轉,09810006
RPWNMLKLMHIGFBB67CB,仁德段,17.74,都市：住,100000,995,持分移轉,09790000
RPWNMLKLMHIGFBB67CB,仁德段,.03,都市：住,100000,995,持分移轉,09790001
RPWNMLKLMHIGFBB67CB,仁德段,9.28,都市：住,100000,995,持分移轉,09810006
RPPOMLKLMHIGFBB07CB,仁德段,22.82,都市：住,100000,1280,持分移轉,09790000
RPPOMLKLMHIGFBB07CB,仁德段,.04,都市：住,100000,1280,持分移轉,09790001
RPPOMLKLMHIGFBB07CB,仁德段,11.94,都市：住,100000,1280,持分移轉,09810006
RPPNMLKLMHIGFAB96DB,大益段,5.73,都市：住,1000000,16909,持分移轉,08870000
RPPNMLKLMHIGFAB96DB,大益段,7.71,都市：住,1000000,16909,持分移轉,08880000
RPPNMLKLMHIGFAB96DB,大益段,7.73,都市：住,1000000,16909,持分移轉,08880001
RPQOMLKLMHIGFBB17CB,環中段,40.50,都市：住,10000,100,持分移轉,03080000
RPSNMLKLMHIGFAB17CB,下橋子頭段,8.78,都市：住,100000,390,持分移轉,01940006
RPSNMLKLMHIGFAB17CB,下橋子頭段,17.15,都市：住,100000,390,持分移轉,01940007
RPUNMLKLMHIGFAB37CB,下橋子頭段,6.75,都市：住,100000,300,持分移轉,01940006
RPUNMLKLMHIGFAB37CB,下橋子頭段,13.19,都市：住,100000,300,持分移轉,01940007
RPPNMLLLMHIGFFB47CB,南勢段,86.30,都市：住,1,1,全筆移轉,10810003
RPPNMLLLMHIGFFB47CB,南勢段,.69,都市：住,2490000,9450,持分移轉,10470000
RPPNMLLLMHIGFFB47CB,南勢段,16.98,都市：其他:保護區,8621000,23020,持分移轉,09930000
RPPNMLLLMHIGFFB47CB,南勢段,4.00,都市：住,145510,400,持分移轉,09420000
RPQNMLKLMHIGFFB47CB,南勢東段,51.74,都市：住,1,1,全筆移轉,05100004
RPQNMLKLMHIGFFB47CB,南勢東段,25.31,都市：住,13,1,持分移轉,05100014
RPQNMLLLMHIGFFB57CB,鹿峰西段,32.15,都市：住,1000000,67950,持分移轉,05390000
RPQNMLLLMHIGFFB57CB,鹿峰西段,2.64,都市：住,1000000,67950,持分移轉,05400001
RPTNMLKLMHIGFAB27CB,下橋子頭段,6.75,都市：住,100000,300,持分移轉,01940006
RPQNMLLLMHIGFFB57CB,鹿峰西段,.22,都市：住,64,1,持分移轉,04710001
RPTNMLKLMHIGFAB27CB,下橋子頭段,13.19,都市：住,100000,300,持分移轉,01940007
RPQNMLLLMHIGFFB57CB,鹿峰西段,.44,都市：其他:人行步道,64,1,持分移轉,04170000
RPQNMLLLMHIGFFB57CB,鹿峰西段,14.09,都市：其他:綠地,1,1,全筆移轉,05400005
RPQNMLLLMHIGFFB57CB,鹿峰西段,8.90,都市：其他:綠地,8,1,持分移轉,05400000
RPQNMLLLMHIGFFB57CB,鹿峰西段,4.12,都市：其他:鐵路用地,8,1,持分移轉,05410001
RPRNMLLLMHIGFFB67CB,晉江北段,59.00,都市：住,1,1,全筆移轉,03220012
RPPNMLLLMHIGFHB67CB,三和段,.29,都市：住,10000,293,持分移轉,14520003
RPPNMLLLMHIGFHB67CB,三和段,.50,都市：住,10000,293,持分移轉,14520013
RPPNMLLLMHIGFHB67CB,三和段,.01,都市：住,10000,293,持分移轉,14520016
RPPNMLLLMHIGFHB67CB,三和段,23.23,都市：住,10000,293,持分移轉,14580000
RPQNMLLLMHIGFHB77CB,三和段,.29,都市：住,10000,293,持分移轉,14520003
RPQNMLLLMHIGFHB77CB,三和段,.50,都市：住,10000,293,持分移轉,14520013
RPQNMLLLMHIGFHB77CB,三和段,.01,都市：住,10000,293,持分移轉,14520016
RPQNMLLLMHIGFHB77CB,三和段,23.23,都市：住,10000,293,持分移轉,14580000
RPQNMLLLMHIGFBB17CB,溝背段,21.18,都市：住,100000,818,持分移轉,00910000
RPPNMLLLMHIGFBB07CB,溝背段,20.56,都市：住,100000,794,持分移轉,00910000
RPRNMLLLMHIGFBB27CB,溝背段,31.10,都市：住,10000,86,持分移轉,01050000
RPTNMLLLMHIGFBB47CB,溝背段,31.10,都市：住,10000,86,持分移轉,01050000
RPUNMLLLMHIGFBB57CB,溝背段,22.06,都市：住,10000,61,持分移轉,01050000
RPSNMLLLMHIGFBB37CB,溝背段,32.91,都市：住,10000,91,持分移轉,01050000
RPWNMLLLMHIGFBB77CB,溝背段,32.91,都市：住,10000,91,持分移轉,01050000
RPXNMLLLMHIGFBB87CB,溝背段,26.03,都市：住,10000,72,持分移轉,01050000
RPOOMLLLMHIGFBB07CB,溝背段,24.59,都市：住,10000,68,持分移轉,01050000
RPVNMLLLMHIGFBB67CB,溝背段,26.03,都市：住,10000,72,持分移轉,01050000
RPQOMLLLMHIGFBB27CB,溝背段,31.10,都市：住,10000,86,持分移轉,01050000
RPROMLLLMHIGFBB37CB,溝背段,24.59,都市：住,10000,68,持分移轉,01050000
RPPOMLLLMHIGFBB17CB,溝背段,25.67,都市：住,10000,71,持分移轉,01050000
RPPNMLLLMHIGFGB57CB,和興段,92.57,都市：住,1,1,全筆移轉,02560040
RPPNMLLLMHIGFEB37CB,福東段,27.13,非都市：鄉村區 ; 非都市編定：乙種建築用地,18,1,持分移轉,01280000
RPQNMLLLMHIGFIB87CB,湖日段,15.64,都市：商,10000,327,持分移轉,03420000
RPPNMLLLMHIGFIB77CB,湖日段,15.60,都市：商,10000,326,持分移轉,03420000
RPPNMLLLMHIGFCB17CB,信安段,20.71,都市：住,10000,178,持分移轉,00640000
RPPNMLLLMHIGFCB17CB,信安段,14.13,都市：住,10000,178,持分移轉,00640001
RPQNMLLLMHIGFCB27CB,新富段,12.32,都市：住,100000,2163,持分移轉,05280000
RPQNMLLLMHIGFCB27CB,新富段,46.81,都市：住,100000,2163,持分移轉,05290000
RPPNMLLLMHIGFDB27CB,公安段,15.49,都市：住,36,1,持分移轉,07550018
RPPNMLLLMHIGFDB27CB,公安段,21.02,都市：住,36,1,持分移轉,08960000
RPRNMLLLMHIGFCB37CB,建功段,1.14,都市：住,100000,175,持分移轉,00040000
RPRNMLLLMHIGFCB37CB,建功段,3.06,都市：住,100000,175,持分移轉,00050000
RPRNMLLLMHIGFCB37CB,建功段,10.09,都市：住,100000,175,持分移轉,00060000
RPRNMLLLMHIGFDB47CB,神圳段,23.27,都市：住,100000,1635,持分移轉,06430000
RPQNMLLLMHIGFDB37CB,神圳段,23.27,都市：住,100000,1635,持分移轉,06430000
RPSNMLLLMHIGFDB57CB,神圳段,22.98,都市：住,100000,1615,持分移轉,06430000
RPPNMLMLMHIGFBB17CB,碧柳段,11.49,都市：商,100000,120,持分移轉,00020000
RPUNMLLLMHIGFDB77CB,神圳段,22.88,都市：住,100000,1608,持分移轉,06430000
RPPNMLMLMHIGFKB08CB,竹泉段,53.00,都市：農,1,1,全筆移轉,03170064
RPPNMLMLMHIGFKB08CB,竹泉段,20.10,都市：農,100000,1873,持分移轉,03170000
RPPNMLMLMHIGFKB08CB,竹泉段,.65,都市：農,100000,191,持分移轉,03160000
RPPNMLMLMHIGFKB08CB,竹泉段,18.00,都市：農,1,1,全筆移轉,04810032
RPPNMLMLMHIGFKB08CB,竹泉段,13.87,都市：農,100000,2174,持分移轉,04810001
RPQNMLMLMHIGFBB27CB,碧柳段,9.00,都市：商,100000,94,持分移轉,00020000
RPRNMLMLMHIGFBB37CB,環中段,40.50,都市：住,10000,100,持分移轉,03080000
RPPNMLMLMHIGFFB57CB,梧棲段,11.01,都市：商,10000,34,持分移轉,28400000
RPPNMLMLMHIGFAB07CB,樹子腳段,15.40,都市：住,10000,61,持分移轉,00230000
RPPNMLNLMHIGFFB67CB,梧棲段,14.25,都市：商,10000,44,持分移轉,28400000
RPPNMLNLMHIGFBB27CB,碧柳段,11.59,都市：商,100000,121,持分移轉,00020000
RPQNMLNLMHIGFBB37CB,仁德段,22.82,都市：住,100000,1280,持分移轉,09790000
RPQNMLNLMHIGFBB37CB,仁德段,.04,都市：住,100000,1280,持分移轉,09790001
RPQNMLNLMHIGFBB37CB,仁德段,11.94,都市：住,100000,1280,持分移轉,09810006
RPQNMLMLMHIGFAB17CB,樹子腳段,15.40,都市：住,10000,61,持分移轉,00230000
RPSNMLNLMHIGFBB57CB,仁德段,17.74,都市：住,100000,995,持分移轉,09790000
RPSNMLNLMHIGFBB57CB,仁德段,.03,都市：住,100000,995,持分移轉,09790001
RPSNMLNLMHIGFBB57CB,仁德段,9.28,都市：住,100000,995,持分移轉,09810006
RPRNMLNLMHIGFBB47CB,仁德段,17.74,都市：住,100000,995,持分移轉,09790000
RPRNMLNLMHIGFBB47CB,仁德段,.03,都市：住,100000,995,持分移轉,09790001
RPRNMLNLMHIGFBB47CB,仁德段,9.28,都市：住,100000,995,持分移轉,09810006
RPTNMLNLMHIGFBB67CB,仁德段,17.74,都市：住,100000,995,持分移轉,09790000
RPTNMLNLMHIGFBB67CB,仁德段,.03,都市：住,100000,995,持分移轉,09790001
RPTNMLNLMHIGFBB67CB,仁德段,9.28,都市：住,100000,995,持分移轉,09810006
RPPNMLOLMHIGFBB37CB,竹興段,56.90,都市：住,10000,92,持分移轉,00970000
RPQNMLOLMHIGFBB47CB,洲際段,42.94,都市：住,100000,2012,持分移轉,10540000
RPSNMLOLMHIGFBB67CB,溝背段,14.66,都市：住,100000,394,持分移轉,01430000
RPTNMLOLMHIGFBB77CB,仁和段,.01,都市：商,10000,36,持分移轉,05130000
RPTNMLOLMHIGFBB77CB,仁和段,.01,都市：商,10000,36,持分移轉,05140000
RPTNMLOLMHIGFBB77CB,仁和段,2.70,都市：商,10000,36,持分移轉,05150000
RPTNMLOLMHIGFBB77CB,仁和段,.05,都市：商,10000,36,持分移轉,05160000
RPTNMLOLMHIGFBB77CB,仁和段,.56,都市：商,10000,36,持分移轉,05170000
RPTNMLOLMHIGFBB77CB,仁和段,.16,都市：商,10000,36,持分移轉,05180000
RPTNMLOLMHIGFBB77CB,仁和段,.04,都市：商,10000,36,持分移轉,05190000
RPTNMLOLMHIGFBB77CB,仁和段,.34,都市：商,10000,36,持分移轉,05200000
RPTNMLOLMHIGFBB77CB,仁和段,.50,都市：商,10000,36,持分移轉,05210000
RPTNMLOLMHIGFBB77CB,仁和段,.44,都市：商,10000,36,持分移轉,05220000
RPTNMLOLMHIGFBB77CB,仁和段,.06,都市：商,10000,36,持分移轉,05220001
RPTNMLOLMHIGFBB77CB,仁和段,7.87,都市：商,10000,36,持分移轉,05240000
RPTNMLOLMHIGFBB77CB,仁和段,3.27,都市：商,10000,36,持分移轉,05260000
RPTNMLOLMHIGFBB77CB,仁和段,1.44,都市：商,10000,36,持分移轉,05270001
RPTNMLOLMHIGFBB77CB,仁和段,3.29,都市：商,10000,36,持分移轉,05280000
RPVNMLOLMHIGFBB97CB,溝背段,25.86,都市：住,100000,695,持分移轉,01430000
RPUNMLOLMHIGFBB87CB,仁和段,.01,都市：商,10000,27,持分移轉,05130000
RPUNMLOLMHIGFBB87CB,仁和段,.01,都市：商,10000,27,持分移轉,05140000
RPUNMLOLMHIGFBB87CB,仁和段,2.02,都市：商,10000,27,持分移轉,05150000
RPUNMLOLMHIGFBB87CB,仁和段,.04,都市：商,10000,27,持分移轉,05160000
RPUNMLOLMHIGFBB87CB,仁和段,.42,都市：商,10000,27,持分移轉,05170000
RPUNMLOLMHIGFBB87CB,仁和段,.12,都市：商,10000,27,持分移轉,05180000
RPUNMLOLMHIGFBB87CB,仁和段,.03,都市：商,10000,27,持分移轉,05190000
RPUNMLOLMHIGFBB87CB,仁和段,.26,都市：商,10000,27,持分移轉,05200000
RPUNMLOLMHIGFBB87CB,仁和段,.38,都市：商,10000,27,持分移轉,05210000
RPUNMLOLMHIGFBB87CB,仁和段,.33,都市：商,10000,27,持分移轉,05220000
RPUNMLOLMHIGFBB87CB,仁和段,.04,都市：商,10000,27,持分移轉,05220001
RPUNMLOLMHIGFBB87CB,仁和段,5.90,都市：商,10000,27,持分移轉,05240000
RPUNMLOLMHIGFBB87CB,仁和段,2.45,都市：商,10000,27,持分移轉,05260000
RPUNMLOLMHIGFBB87CB,仁和段,1.08,都市：商,10000,27,持分移轉,05270001
RPUNMLOLMHIGFBB87CB,仁和段,2.47,都市：商,10000,27,持分移轉,05280000
RPRNMLOLMHIGFFB97CB,武秀段,2.48,都市：住,10000,406,持分移轉,01630003
RPRNMLOLMHIGFFB97CB,武秀段,.81,都市：住,10000,406,持分移轉,01600000
RPRNMLOLMHIGFFB97CB,秀水段秀水小段,25.74,都市：住,10000,406,持分移轉,01150010
RPQNMLOLMHIGFFB87CB,武秀段,2.48,都市：住,10000,406,持分移轉,01630003
RPQNMLOLMHIGFFB87CB,武秀段,.81,都市：住,10000,406,持分移轉,01600000
RPQNMLOLMHIGFFB87CB,秀水段秀水小段,25.74,都市：住,10000,406,持分移轉,01150010
RPPNMLOLMHIGFFB77CB,武秀段,1.93,都市：住,10000,317,持分移轉,01630003
RPPNMLOLMHIGFFB77CB,武秀段,.63,都市：住,10000,317,持分移轉,01600000
RPPNMLOLMHIGFFB77CB,秀水段秀水小段,20.10,都市：住,10000,317,持分移轉,01150010
RPPNMLOLMHIGFAB27CB,樹子腳段,11.38,都市：住,100000,178,持分移轉,06700000
RPPNMLOLMHIGFAB27CB,樹子腳段,11.63,都市：住,100000,178,持分移轉,06750000
RPQNMLOLMHIGFAB37CB,樹子腳段,11.57,都市：住,100000,181,持分移轉,06700000
RPQNMLOLMHIGFAB37CB,樹子腳段,11.82,都市：住,100000,181,持分移轉,06750000
RPRNMLOLMHIGFAB47CB,樹子腳段,14.96,都市：住,100000,234,持分移轉,06700000
RPRNMLOLMHIGFAB47CB,樹子腳段,15.29,都市：住,100000,234,持分移轉,06750000
RPTNMLOLMHIGFAB67CB,土庫段,4.49,都市：住,100000,794,持分移轉,00670062
RPTNMLOLMHIGFAB67CB,土庫段,7.18,都市：商,100000,794,持分移轉,00670148
RPUNMLOLMHIGFAB77CB,土庫段,4.49,都市：住,100000,794,持分移轉,00670062
RPUNMLOLMHIGFAB77CB,土庫段,7.18,都市：商,100000,794,持分移轉,00670148
RPQNMLOLMHIGFKB38CB,中社段,28.39,都市：住,542499,2839,持分移轉,07000000
RPWNMLOLMHIGFAB97CB,平民段八小段,5.48,都市：住,10000,151,持分移轉,00020000
RPWNMLOLMHIGFAB97CB,平民段八小段,11.75,都市：住,10000,151,持分移轉,00020001
RPWNMLOLMHIGFAB97CB,平民段八小段,.14,都市：住,10000,151,持分移轉,00090008
RPPNMLOLMHIGFKB28CB,中社段,33.15,都市：住,542499,3315,持分移轉,07000000
RPVNMLOLMHIGFAB87CB,平民段八小段,5.15,都市：住,10000,142,持分移轉,00020000
RPVNMLOLMHIGFAB87CB,平民段八小段,11.05,都市：住,10000,142,持分移轉,00020001
RPVNMLOLMHIGFAB87CB,平民段八小段,.13,都市：住,10000,142,持分移轉,00090008
RPSNMLOLMHIGFKB58CB,竹泉段,5.51,都市：住,10000,247,持分移轉,01860006
RPSNMLOLMHIGFKB58CB,竹泉段,.57,都市：商,10000,247,持分移轉,01860011
RPSNMLOLMHIGFKB58CB,竹泉段,19.04,都市：住,10000,247,持分移轉,01900000
RPTNMLOLMHIGFKB68CB,東海段,24.46,都市：住,100000,2339,持分移轉,00980045
RPRNMLOLMHIGFKB48CB,中社段,41.82,都市：住,542499,4182,持分移轉,07000000
RPQNMLOLMHIGFDB67CB,神圳段,77.60,都市：住,1,1,全筆移轉,06710015
RPWNMLOLMHIGFKB98CB,東海段,20.22,都市：住,100000,1934,持分移轉,00980045
RPPNMLOLMHIGFBB47DB,青萍段,33.55,都市：住,100000,2656,持分移轉,06040000
RPQNMLOLMHIGFJB28CB,宜欣段,22.42,都市：住,1000000,14899,持分移轉,03610000
RPPNMLOLMHIGFJB18CB,宜欣段,29.00,都市：住,1000000,19268,持分移轉,03610000
RPSNMLOLMHIGFJB48CB,宜欣段,16.53,都市：住,1000000,10984,持分移轉,03610000
RPRNMLOLMHIGFJB38CB,宜欣段,22.49,都市：住,1000000,14941,持分移轉,03610000
RPPNMLOLMHIGFIB08CB,九如段,18.82,都市：住,100000,1321,持分移轉,04430000
RPPNMLOLMHIGFCB47CB,生態段,23.38,都市：住,10000,108,持分移轉,00660000
RPPNMLOLMHIGFCB47CB,生態段,10.65,都市：住,10000,108,持分移轉,00670000
RPRNMLOLMHIGFIB28CB,九如段,26.61,都市：住,100000,1868,持分移轉,04430000
RPQNMLOLMHIGFIB18CB,九如段,19.13,都市：住,100000,1343,持分移轉,04430000
RPSNMLOLMHIGFIB38CB,北新段,24.15,都市：住,10000,38,持分移轉,10540000
RPTNMLOLMHIGFIB48CB,北新段,12.71,都市：住,10000,20,持分移轉,10540000
RPVNMLOLMHIGFIB68CB,北新段,22.24,都市：住,10000,35,持分移轉,10540000
RPWNMLOLMHIGFIB78CB,北新段,22.24,都市：住,10000,35,持分移轉,10540000
RPUNMLOLMHIGFIB58CB,北新段,17.16,都市：住,10000,27,持分移轉,10540000
RPPNMLPLMHIGFIB18CB,山頂段,29.57,都市：住,1000000,7353,持分移轉,07050000
RPPNMLPLMHIGFIB18CB,山頂段,3.97,都市：住,1000000,7353,持分移轉,07190000
RPXNMLOLMHIGFIB88CB,北新段,18.43,都市：住,10000,29,持分移轉,10540000
RPRNMLPLMHIGFIB38CB,山頂段,21.98,都市：住,1000000,5465,持分移轉,07050000
RPRNMLPLMHIGFIB38CB,山頂段,2.95,都市：住,1000000,5465,持分移轉,07190000
RPQNMLPLMHIGFIB28CB,山頂段,28.05,都市：住,1000000,6974,持分移轉,07050000
RPQNMLPLMHIGFIB28CB,山頂段,3.77,都市：住,1000000,6974,持分移轉,07190000
RPVNMLPLMHIGFIB78CB,山頂段,21.98,都市：住,1000000,5465,持分移轉,07050000
RPVNMLPLMHIGFIB78CB,山頂段,2.95,都市：住,1000000,5465,持分移轉,07190000
RPSNMLPLMHIGFIB48CB,山頂段,29.58,都市：住,1000000,7355,持分移轉,07050000
RPSNMLPLMHIGFIB48CB,山頂段,3.98,都市：住,1000000,7355,持分移轉,07190000
RPTNMLPLMHIGFIB58CB,山頂段,21.89,都市：住,1000000,5443,持分移轉,07050000
RPTNMLPLMHIGFIB58CB,山頂段,2.94,都市：住,1000000,5443,持分移轉,07190000
RPWNMLPLMHIGFIB88CB,山頂段,21.61,都市：住,1000000,5372,持分移轉,07050000
RPWNMLPLMHIGFIB88CB,山頂段,2.90,都市：住,1000000,5372,持分移轉,07190000
RPPNMLPLMHIGFCB57CB,生態段,27.49,都市：住,10000,127,持分移轉,00660000
RPPNMLPLMHIGFCB57CB,生態段,12.52,都市：住,10000,127,持分移轉,00670000
RPXNMLPLMHIGFIB98CB,山頂段,21.89,都市：住,1000000,5443,持分移轉,07050000
RPXNMLPLMHIGFIB98CB,山頂段,2.94,都市：住,1000000,5443,持分移轉,07190000
RPQNMLPLMHIGFCB67CB,惠安段,28.89,都市：住,1000,42,持分移轉,00910000
RPPNMLPLMHIGFJB28CB,育賢段,17.17,都市：住,100000,1817,持分移轉,00770000
RPRNMLPLMHIGFCB77CB,建功段,9.39,都市：住,100000,115,持分移轉,00040000
RPPNMLPLMHIGFDB67CB,神圳段,23.05,都市：住,100000,1620,持分移轉,06430000
RPPNMLPLMHIGFGB97CB,大南段大南小段,21.30,非都市：鄉村區 ; 非都市編定：乙種建築用地,100000,3000,持分移轉,02030461
RPQNMLPLMHIGFDB77CB,福陽段,38.73,都市：住,1,1,全筆移轉,00690016
RPQNMLPLMHIGFDB77CB,福陽段,19.62,都市：住,1000000,99978,持分移轉,00690000
RPQNMLPLMHIGFDB77CB,福陽段,1.48,都市：住,1000000,99978,持分移轉,00690024
RPQNMLPLMHIGFDB77CB,福陽段,1.74,都市：住,1000000,99978,持分移轉,00690025
RPQNMLPLMHIGFDB77CB,福陽段,1.83,都市：住,1000000,99978,持分移轉,00690027
RPQNMLPLMHIGFDB77CB,福陽段,1.66,都市：住,1000000,99978,持分移轉,00690028
RPQNMLPLMHIGFGB08CB,新盛段,46.01,都市：住,14,1,持分移轉,06370002
RPRNMLPLMHIGFAB57CB,旱平段,26.36,都市：住,100000,1175,持分移轉,04060000
RPQNMLPLMHIGFFB97CB,市鎮南段,6.01,都市：商,10000,12,持分移轉,00740000
RPPNMLPLMHIGFFB87CB,市鎮南段,8.51,都市：商,10000,17,持分移轉,00740000
RPPNMLPLMHIGFAB37CB,城隍段五小段,4.83,都市：商,100000,922,持分移轉,00080014
RPPNMLPLMHIGFAB37CB,城隍段五小段,6.59,都市：商,100000,922,持分移轉,00080015
RPPNMLPLMHIGFAB37CB,城隍段五小段,3.83,都市：商,100000,922,持分移轉,00090003
RPPNMLPLMHIGFAB37CB,城隍段六小段,3.12,都市：商,100000,922,持分移轉,00030000
RPPNMLPLMHIGFAB37CB,城隍段六小段,.82,都市：商,100000,922,持分移轉,00030002
RPPNMLPLMHIGFAB37CB,城隍段六小段,.43,都市：商,100000,922,持分移轉,00040000
RPPNMLPLMHIGFAB37CB,城隍段六小段,.12,都市：住,100000,922,持分移轉,00030010
RPSNMLPLMHIGFFB18CB,南簡段,31.78,都市：住,100000,3213,持分移轉,04460002
RPRNMLPLMHIGFFB08CB,市鎮南段,6.01,都市：商,10000,12,持分移轉,00740000
RPQNMLPLMHIGFAB47CB,後壠子段,6.07,都市：住,100000,5100,持分移轉,01780119
RPQNMLPLMHIGFAB47CB,後壠子段,5.92,都市：住,100000,5100,持分移轉,01780120
RPQNMLPLMHIGFAB47CB,後壠子段,6.12,都市：住,100000,5100,持分移轉,01780121
RPTNMLPLMHIGFFB28CB,南勢段,76.30,都市：住,1,1,全筆移轉,10810037
RPTNMLPLMHIGFFB28CB,南勢段,.69,都市：住,2490000,9450,持分移轉,10470000
RPTNMLPLMHIGFFB28CB,南勢段,15.08,都市：其他:保護區,8621000,20444,持分移轉,09930000
RPTNMLPLMHIGFFB28CB,南勢段,4.00,都市：住,145510,400,持分移轉,09420000
RPUNMLPLMHIGFFB38CB,市鎮南段,6.01,都市：商,10000,12,持分移轉,00740000
RPVNMLPLMHIGFFB48CB,市鎮北段,15.05,都市：商,10000,25,持分移轉,00450000
RPUNMLPLMHIGFBB97CB,中清段,5.17,都市：住,100000,1444,持分移轉,02770000
RPUNMLPLMHIGFBB97CB,中清段,7.80,都市：住,100000,1444,持分移轉,02790000
RPUNMLPLMHIGFBB97CB,中清段,8.88,都市：住,100000,1444,持分移轉,02790015
RPQOMLPLMHIGFBB67CB,北屯段,17.92,都市：住,10000,48,持分移轉,02140000
RPPNMLPLMHIGFBB47CB,敦和段,74.69,都市：住,1,1,全筆移轉,04550009
RPPNMLPLMHIGFBB47CB,敦和段,7.42,都市：住,8,1,持分移轉,04550002
RPPNMLPLMHIGFBB47CB,敦和段,26.30,都市：住,4,1,持分移轉,04550007
RPWNMLPLMHIGFBB18CB,中清段,5.14,都市：住,100000,1437,持分移轉,02770000
RPWNMLPLMHIGFBB18CB,中清段,7.76,都市：住,100000,1437,持分移轉,02790000
RPWNMLPLMHIGFBB18CB,中清段,8.84,都市：住,100000,1437,持分移轉,02790015
RPXNMLPLMHIGFBB28CB,中清段,5.14,都市：住,100000,1437,持分移轉,02770000
RPXNMLPLMHIGFBB28CB,中清段,7.76,都市：住,100000,1437,持分移轉,02790000
RPXNMLPLMHIGFBB28CB,中清段,8.84,都市：住,100000,1437,持分移轉,02790015
RPVNMLPLMHIGFBB08CB,中清段,5.14,都市：住,100000,1437,持分移轉,02770000
RPVNMLPLMHIGFBB08CB,中清段,7.76,都市：住,100000,1437,持分移轉,02790000
RPVNMLPLMHIGFBB08CB,中清段,8.84,都市：住,100000,1437,持分移轉,02790015
RPOOMLPLMHIGFBB47CB,中清段,5.14,都市：住,100000,1437,持分移轉,02770000
RPOOMLPLMHIGFBB47CB,中清段,7.76,都市：住,100000,1437,持分移轉,02790000
RPRNMLPLMHIGFBB67CB,中清段,5.22,都市：住,100000,1457,持分移轉,02770000
RPOOMLPLMHIGFBB47CB,中清段,8.84,都市：住,100000,1437,持分移轉,02790015
RPRNMLPLMHIGFBB67CB,中清段,7.87,都市：住,100000,1457,持分移轉,02790000
RPRNMLPLMHIGFBB67CB,中清段,8.96,都市：住,100000,1457,持分移轉,02790015
RPQNMLPLMHIGFBB57CB,仁平段,79.30,都市：住,1,1,全筆移轉,01560010
RPQNMLPLMHIGFBB57CB,仁平段,2.74,都市：住,1000000,100036,持分移轉,01560011
RPQNMLPLMHIGFBB57CB,仁平段,35.99,都市：住,1000000,210025,持分移轉,01560004
RPTNMLPLMHIGFBB87CB,中清段,5.17,都市：住,100000,1444,持分移轉,02770000
RPTNMLPLMHIGFBB87CB,中清段,7.80,都市：住,100000,1444,持分移轉,02790000
RPTNMLPLMHIGFBB87CB,中清段,8.88,都市：住,100000,1444,持分移轉,02790015
RPROMLPLMHIGFBB77CB,北屯段,23.89,都市：住,10000,64,持分移轉,02140000
RPPNMLPLMHIGFEB77CB,義水段,83.59,都市：住,1,1,全筆移轉,01200003
RPQNMLPLMHIGFEB87CB,義水段,22.18,都市：住,10000,515,持分移轉,08800006
RPQNMLPLMHIGFEB87CB,義水段,5.32,都市：住,10000,515,持分移轉,09130000
RPPNMLPLMHIGFHB08CB,上楓段,50.00,都市：農,1,1,全筆移轉,01600005
RPPNMLPLMHIGFHB08CB,上楓段,12.25,都市：農,12,1,持分移轉,01600000
RPPNMLQLMHIGFHB18CB,東寶二段,116.32,都市：住,1,1,全筆移轉,07840002
RPSOMLPLMHIGFBB87CB,北屯段,17.17,都市：住,10000,46,持分移轉,02140000
RPQNMLPLMHIGFHB18CB,上楓段,45.00,都市：農,1,1,全筆移轉,01600008
RPQNMLPLMHIGFHB18CB,上楓段,12.25,都市：農,12,1,持分移轉,01600000
RPQNMLQLMHIGFBB67CB,水源段,1.39,都市：住,10000,138,持分移轉,03130000
RPQNMLQLMHIGFBB67CB,水源段,.92,都市：住,10000,138,持分移轉,03130003
RPQNMLQLMHIGFBB67CB,水源段,.79,都市：住,10000,138,持分移轉,03130004
RPQNMLQLMHIGFBB67CB,水源段,.57,都市：住,10000,138,持分移轉,03130005
RPQNMLQLMHIGFBB67CB,水源段,.21,都市：住,10000,138,持分移轉,03140004
RPPNMLQLMHIGFEB87CB,永豐段,82.05,非都市：特定農業區 ; 非都市編定：甲種建築用地,1,1,全筆移轉,06870016
RPQNMLQLMHIGFBB67CB,水源段,.81,都市：住,10000,138,持分移轉,03120005
RPPNMLQLMHIGFEB87CB,永豐段,.34,非都市：特定農業區 ; 非都市編定：甲種建築用地,16,1,持分移轉,06870020
RPPNMLQLMHIGFEB87CB,永豐段,18.36,非都市：特定農業區 ; 非都市編定：甲種建築用地,9,1,持分移轉,06870022
RPQNMLQLMHIGFBB67CB,水源段,1.01,都市：住,10000,138,持分移轉,03120007
RPQNMLQLMHIGFBB67CB,水源段,.91,都市：住,10000,138,持分移轉,03120008
RPQNMLQLMHIGFBB67CB,水源段,.65,都市：住,10000,138,持分移轉,03120009
RPQNMLQLMHIGFBB67CB,水源段,.15,都市：住,10000,138,持分移轉,03110009
RPQNMLQLMHIGFBB67CB,水源段,2.06,都市：住,10000,138,持分移轉,03080000
RPVNMLQLMHIGFBB18CB,東光段,3.35,都市：住,100000,1802,持分移轉,03540010
RPVNMLQLMHIGFBB18CB,東光段,2.99,都市：住,100000,1802,持分移轉,03540005
RPVNMLQLMHIGFBB18CB,東光段,1.95,都市：住,100000,1802,持分移轉,03540004
RPVNMLQLMHIGFBB18CB,東光段,1.73,都市：住,100000,1802,持分移轉,03540003
RPVNMLQLMHIGFBB18CB,東光段,.25,都市：住,100000,1802,持分移轉,03530002
RPVNMLQLMHIGFBB18CB,東光段,2.52,都市：住,100000,1802,持分移轉,03530000
RPWNMLQLMHIGFBB28CB,東光段,5.27,都市：住,100000,2836,持分移轉,03540010
RPWNMLQLMHIGFBB28CB,東光段,4.71,都市：住,100000,2836,持分移轉,03540005
RPWNMLQLMHIGFBB28CB,東光段,3.06,都市：住,100000,2836,持分移轉,03540004
RPWNMLQLMHIGFBB28CB,東光段,2.72,都市：住,100000,2836,持分移轉,03540003
RPWNMLQLMHIGFBB28CB,東光段,.40,都市：住,100000,2836,持分移轉,03530002
RPWNMLQLMHIGFBB28CB,東光段,3.97,都市：住,100000,2836,持分移轉,03530000
RPXNMLQLMHIGFBB38CB,東光段,5.27,都市：住,100000,2836,持分移轉,03540010
RPXNMLQLMHIGFBB38CB,東光段,4.71,都市：住,100000,2836,持分移轉,03540005
RPXNMLQLMHIGFBB38CB,東光段,3.06,都市：住,100000,2836,持分移轉,03540004
RPXNMLQLMHIGFBB38CB,東光段,2.72,都市：住,100000,2836,持分移轉,03540003
RPXNMLQLMHIGFBB38CB,東光段,.40,都市：住,100000,2836,持分移轉,03530002
RPXNMLQLMHIGFBB38CB,東光段,3.97,都市：住,100000,2836,持分移轉,03530000
RPPOMLQLMHIGFBB67CB,賴厝廍段,.35,都市：住,100000,1861,持分移轉,00470116
RPUNMLQLMHIGFBB08CB,東光段,3.31,都市：住,100000,1778,持分移轉,03540010
RPPOMLQLMHIGFBB67CB,賴厝廍段,.54,都市：住,100000,1861,持分移轉,00490138
RPPOMLQLMHIGFBB67CB,賴厝廍段,.74,都市：住,100000,1861,持分移轉,00490139
RPUNMLQLMHIGFBB08CB,東光段,2.95,都市：住,100000,1778,持分移轉,03540005
RPOOMLQLMHIGFBB57CB,東光段,5.27,都市：住,100000,2836,持分移轉,03540010
RPPOMLQLMHIGFBB67CB,賴厝廍段,.19,都市：住,100000,1861,持分移轉,00490140
RPUNMLQLMHIGFBB08CB,東光段,1.92,都市：住,100000,1778,持分移轉,03540004
RPOOMLQLMHIGFBB57CB,東光段,4.71,都市：住,100000,2836,持分移轉,03540005
RPPOMLQLMHIGFBB67CB,賴厝廍段,.06,都市：住,100000,1861,持分移轉,00490147
RPUNMLQLMHIGFBB08CB,東光段,1.71,都市：住,100000,1778,持分移轉,03540003
RPOOMLQLMHIGFBB57CB,東光段,3.06,都市：住,100000,2836,持分移轉,03540004
RPPOMLQLMHIGFBB67CB,賴厝廍段,.06,都市：住,100000,1861,持分移轉,00490148
RPUNMLQLMHIGFBB08CB,東光段,.25,都市：住,100000,1778,持分移轉,03530002
RPOOMLQLMHIGFBB57CB,東光段,2.72,都市：住,100000,2836,持分移轉,03540003
RPPOMLQLMHIGFBB67CB,賴厝廍段,1.27,都市：住,100000,1861,持分移轉,00490151
RPUNMLQLMHIGFBB08CB,東光段,2.49,都市：住,100000,1778,持分移轉,03530000
RPOOMLQLMHIGFBB57CB,東光段,.40,都市：住,100000,2836,持分移轉,03530002
RPPOMLQLMHIGFBB67CB,賴厝廍段,.09,都市：住,100000,1861,持分移轉,00490152
RPPOMLQLMHIGFBB67CB,賴厝廍段,5.42,都市：住,100000,1861,持分移轉,00490002
RPQOMLQLMHIGFBB77CB,中清段,5.14,都市：住,100000,1437,持分移轉,02770000
RPOOMLQLMHIGFBB57CB,東光段,3.97,都市：住,100000,2836,持分移轉,03530000
RPQOMLQLMHIGFBB77CB,中清段,7.76,都市：住,100000,1437,持分移轉,02790000
RPQOMLQLMHIGFBB77CB,中清段,8.84,都市：住,100000,1437,持分移轉,02790015
RPROMLQLMHIGFBB87CB,中清段,5.14,都市：住,100000,1437,持分移轉,02770000
RPROMLQLMHIGFBB87CB,中清段,7.76,都市：住,100000,1437,持分移轉,02790000
RPROMLQLMHIGFBB87CB,中清段,8.84,都市：住,100000,1437,持分移轉,02790015
RPSOMLQLMHIGFBB97CB,賴厝廍段,.68,都市：住,100000,3556,持分移轉,00470116
RPSOMLQLMHIGFBB97CB,賴厝廍段,1.03,都市：住,100000,3556,持分移轉,00490138
RPSOMLQLMHIGFBB97CB,賴厝廍段,1.42,都市：住,100000,3556,持分移轉,00490139
RPSOMLQLMHIGFBB97CB,賴厝廍段,.36,都市：住,100000,3556,持分移轉,00490140
RPTOMLQLMHIGFBB08CB,中清段,5.17,都市：住,100000,1444,持分移轉,02770000
RPSOMLQLMHIGFBB97CB,賴厝廍段,.11,都市：住,100000,3556,持分移轉,00490147
RPTOMLQLMHIGFBB08CB,中清段,7.80,都市：住,100000,1444,持分移轉,02790000
RPSOMLQLMHIGFBB97CB,賴厝廍段,.11,都市：住,100000,3556,持分移轉,00490148
RPTOMLQLMHIGFBB08CB,中清段,8.88,都市：住,100000,1444,持分移轉,02790015
RPSOMLQLMHIGFBB97CB,賴厝廍段,2.42,都市：住,100000,3556,持分移轉,00490151
RPSOMLQLMHIGFBB97CB,賴厝廍段,.18,都市：住,100000,3556,持分移轉,00490152
RPSOMLQLMHIGFBB97CB,賴厝廍段,10.35,都市：住,100000,3556,持分移轉,00490002
RPUOMLQLMHIGFBB18CB,中清段,5.20,都市：住,100000,1452,持分移轉,02770000
RPUOMLQLMHIGFBB18CB,中清段,7.84,都市：住,100000,1452,持分移轉,02790000
RPUOMLQLMHIGFBB18CB,中清段,8.93,都市：住,100000,1452,持分移轉,02790015
RPVOMLQLMHIGFBB28CB,中清段,5.20,都市：住,100000,1452,持分移轉,02770000
RPPPMLQLMHIGFBB77CB,仁平段,53.63,都市：住,100000,1123,持分移轉,02660000
RPVOMLQLMHIGFBB28CB,中清段,7.84,都市：住,100000,1452,持分移轉,02790000
RPVOMLQLMHIGFBB28CB,中清段,8.93,都市：住,100000,1452,持分移轉,02790015
RPOPMLQLMHIGFBB67CB,平田段,24.51,都市：住,100000,1023,持分移轉,09580000
RPOPMLQLMHIGFBB67CB,仁平段,1.75,都市：住,100000,1023,持分移轉,03800000
RPWOMLQLMHIGFBB38CB,中清段,5.17,都市：住,100000,1444,持分移轉,02770000
RPWOMLQLMHIGFBB38CB,中清段,7.80,都市：住,100000,1444,持分移轉,02790000
RPWOMLQLMHIGFBB38CB,中清段,8.88,都市：住,100000,1444,持分移轉,02790015
RPXOMLQLMHIGFBB48CB,中清段,5.17,都市：住,100000,1444,持分移轉,02770000
RPXOMLQLMHIGFBB48CB,中清段,7.80,都市：住,100000,1444,持分移轉,02790000
RPXOMLQLMHIGFBB48CB,中清段,8.88,都市：住,100000,1444,持分移轉,02790015
RPRPMLQLMHIGFBB97CB,仁平段,53.63,都市：住,100000,1123,持分移轉,02660000
RPSPMLQLMHIGFBB08CB,仁平段,53.54,都市：住,100000,1121,持分移轉,02660000
RPTPMLQLMHIGFBB18CB,中清段,5.14,都市：住,100000,1437,持分移轉,02770000
RPTPMLQLMHIGFBB18CB,中清段,7.76,都市：住,100000,1437,持分移轉,02790000
RPTPMLQLMHIGFBB18CB,中清段,8.84,都市：住,100000,1437,持分移轉,02790015
RPVPMLQLMHIGFBB38CB,乾溝子段,24.26,都市：商,10000,38,持分移轉,01700000
RPQPMLQLMHIGFBB87CB,仁平段,53.54,都市：住,100000,1121,持分移轉,02660000
RPUPMLQLMHIGFBB28CB,中清段,5.22,都市：住,100000,1457,持分移轉,02770000
RPUPMLQLMHIGFBB28CB,中清段,7.87,都市：住,100000,1457,持分移轉,02790000
RPUPMLQLMHIGFBB28CB,中清段,8.96,都市：住,100000,1457,持分移轉,02790015
RPWPMLQLMHIGFBB48CB,倡和段,17.18,都市：商,100000,848,持分移轉,01820000
RPXPMLQLMHIGFBB58CB,倡和段,12.84,都市：商,100000,634,持分移轉,01820000
RPPQMLQLMHIGFBB87CB,溝背段,26.03,都市：住,10000,72,持分移轉,01050000
RPOQMLQLMHIGFBB77CB,倡和段,17.18,都市：商,100000,848,持分移轉,01820000
RPQQMLQLMHIGFBB97CB,溝背段,22.78,都市：住,10000,63,持分移轉,01050000
RPSQMLQLMHIGFBB18CB,溝背段,26.03,都市：住,10000,72,持分移轉,01050000
RPRQMLQLMHIGFBB08CB,溝背段,24.59,都市：住,10000,68,持分移轉,01050000
RPTQMLQLMHIGFBB28CB,溝背段,22.06,都市：住,10000,61,持分移轉,01050000
RPUQMLQLMHIGFBB38CB,溝背段,24.59,都市：住,10000,68,持分移轉,01050000
RPVQMLQLMHIGFBB48CB,賴厝廍段,3.84,都市：住,100000,214,持分移轉,00860004
RPVQMLQLMHIGFBB48CB,賴厝廍段,2.06,都市：住,100000,214,持分移轉,00860085
RPXQMLQLMHIGFBB68CB,賴厝廍段,5.36,都市：住,100000,299,持分移轉,00860004
RPXQMLQLMHIGFBB68CB,賴厝廍段,2.88,都市：住,100000,299,持分移轉,00860085
RPORMLQLMHIGFBB87CB,賴厝廍段,5.36,都市：住,100000,299,持分移轉,00860004
RPORMLQLMHIGFBB87CB,賴厝廍段,2.88,都市：住,100000,299,持分移轉,00860085
RPPRMLQLMHIGFBB97CB,仁平段,28.60,都市：住,100000,1814,持分移轉,05410000
RPQRMLQLMHIGFBB08CB,仁平段,28.60,都市：住,100000,1814,持分移轉,05410000
RPTRMLQLMHIGFBB38CB,仁平段,36.44,都市：住,100000,1551,持分移轉,02040000
RPWQMLQLMHIGFBB58CB,賴厝廍段,5.22,都市：住,100000,291,持分移轉,00860004
RPWQMLQLMHIGFBB58CB,賴厝廍段,2.80,都市：住,100000,291,持分移轉,00860085
RPRRMLQLMHIGFBB18CB,仁平段,28.60,都市：住,100000,1814,持分移轉,05410000
RPVRMLQLMHIGFBB58CB,仁平段,36.44,都市：住,100000,1551,持分移轉,02040000
RPPNMLQLMHIGFFB97CB,庄南段,18.29,都市：住,10000,67,持分移轉,14500000
RPURMLQLMHIGFBB48CB,仁平段,38.09,都市：住,100000,1621,持分移轉,02040000
RPQNMLQLMHIGFFB08CB,保成段,1.40,都市：住,100000,468,持分移轉,04580000
RPQNMLQLMHIGFFB08CB,保成段,7.87,都市：住,100000,468,持分移轉,04600000
RPQNMLQLMHIGFFB08CB,保成段,2.61,都市：住,100000,468,持分移轉,04610000
RPQNMLQLMHIGFFB08CB,保成段,2.67,都市：住,100000,468,持分移轉,04620000
RPQNMLQLMHIGFFB08CB,保成段,3.34,都市：住,100000,468,持分移轉,04630000
RPQNMLQLMHIGFFB08CB,保成段,8.51,都市：住,100000,468,持分移轉,04640000
RPQNMLQLMHIGFFB08CB,保成段,.64,都市：住,100000,468,持分移轉,04650000
RPQNMLQLMHIGFFB08CB,保成段,3.05,都市：住,100000,468,持分移轉,04820000
RPSNMLQLMHIGFFB28CB,保成段,1.04,都市：住,100000,348,持分移轉,04580000
RPSNMLQLMHIGFFB28CB,保成段,5.86,都市：住,100000,348,持分移轉,04600000
RPSNMLQLMHIGFFB28CB,保成段,1.94,都市：住,100000,348,持分移轉,04610000
RPSNMLQLMHIGFFB28CB,保成段,1.99,都市：住,100000,348,持分移轉,04620000
RPSNMLQLMHIGFFB28CB,保成段,2.49,都市：住,100000,348,持分移轉,04630000
RPSNMLQLMHIGFFB28CB,保成段,6.33,都市：住,100000,348,持分移轉,04640000
RPSNMLQLMHIGFFB28CB,保成段,.48,都市：住,100000,348,持分移轉,04650000
RPSNMLQLMHIGFFB28CB,保成段,2.27,都市：住,100000,348,持分移轉,04820000
RPRNMLQLMHIGFFB18CB,保成段,1.37,都市：住,100000,459,持分移轉,04580000
RPRNMLQLMHIGFFB18CB,保成段,7.72,都市：住,100000,459,持分移轉,04600000
RPRNMLQLMHIGFFB18CB,保成段,2.56,都市：住,100000,459,持分移轉,04610000
RPRNMLQLMHIGFFB18CB,保成段,2.62,都市：住,100000,459,持分移轉,04620000
RPRNMLQLMHIGFFB18CB,保成段,3.28,都市：住,100000,459,持分移轉,04630000
RPRNMLQLMHIGFFB18CB,保成段,8.35,都市：住,100000,459,持分移轉,04640000
RPRNMLQLMHIGFFB18CB,保成段,.63,都市：住,100000,459,持分移轉,04650000
RPRNMLQLMHIGFFB18CB,保成段,2.99,都市：住,100000,459,持分移轉,04820000
RPUNMLQLMHIGFFB48CB,保成段,1.31,都市：住,100000,440,持分移轉,04580000
RPUNMLQLMHIGFFB48CB,保成段,7.40,都市：住,100000,440,持分移轉,04600000
RPUNMLQLMHIGFFB48CB,保成段,2.46,都市：住,100000,440,持分移轉,04610000
RPUNMLQLMHIGFFB48CB,保成段,2.51,都市：住,100000,440,持分移轉,04620000
RPUNMLQLMHIGFFB48CB,保成段,3.14,都市：住,100000,440,持分移轉,04630000
RPUNMLQLMHIGFFB48CB,保成段,8.00,都市：住,100000,440,持分移轉,04640000
RPUNMLQLMHIGFFB48CB,保成段,.60,都市：住,100000,440,持分移轉,04650000
RPUNMLQLMHIGFFB48CB,保成段,2.86,都市：住,100000,440,持分移轉,04820000
RPTNMLQLMHIGFFB38CB,保成段,1.31,都市：住,100000,440,持分移轉,04580000
RPTNMLQLMHIGFFB38CB,保成段,7.40,都市：住,100000,440,持分移轉,04600000
RPTNMLQLMHIGFFB38CB,保成段,2.46,都市：住,100000,440,持分移轉,04610000
RPTNMLQLMHIGFFB38CB,保成段,2.51,都市：住,100000,440,持分移轉,04620000
RPTNMLQLMHIGFFB38CB,保成段,3.14,都市：住,100000,440,持分移轉,04630000
RPTNMLQLMHIGFFB38CB,保成段,8.00,都市：住,100000,440,持分移轉,04640000
RPTNMLQLMHIGFFB38CB,保成段,.60,都市：住,100000,440,持分移轉,04650000
RPTNMLQLMHIGFFB38CB,保成段,2.86,都市：住,100000,440,持分移轉,04820000
RPVNMLQLMHIGFFB58CB,保成段,1.33,都市：住,100000,447,持分移轉,04580000
RPVNMLQLMHIGFFB58CB,保成段,7.52,都市：住,100000,447,持分移轉,04600000
RPVNMLQLMHIGFFB58CB,保成段,2.50,都市：住,100000,447,持分移轉,04610000
RPVNMLQLMHIGFFB58CB,保成段,2.55,都市：住,100000,447,持分移轉,04620000
RPVNMLQLMHIGFFB58CB,保成段,3.19,都市：住,100000,447,持分移轉,04630000
RPVNMLQLMHIGFFB58CB,保成段,8.13,都市：住,100000,447,持分移轉,04640000
RPVNMLQLMHIGFFB58CB,保成段,.61,都市：住,100000,447,持分移轉,04650000
RPVNMLQLMHIGFFB58CB,保成段,2.91,都市：住,100000,447,持分移轉,04820000
RPWNMLQLMHIGFFB68CB,新站段,20.11,都市：住,10000,30,持分移轉,00660000
RPXNMLQLMHIGFFB78CB,新站段,14.08,都市：住,10000,21,持分移轉,00660000
RPOOMLQLMHIGFFB97CB,新站段,16.76,都市：住,10000,25,持分移轉,00660000
RPQOMLQLMHIGFFB18CB,新站段,16.76,都市：住,10000,25,持分移轉,00660000
RPPOMLQLMHIGFFB08CB,保成段,1.33,都市：住,100000,447,持分移轉,04580000
RPPOMLQLMHIGFFB08CB,保成段,7.52,都市：住,100000,447,持分移轉,04600000
RPPOMLQLMHIGFFB08CB,保成段,2.50,都市：住,100000,447,持分移轉,04610000
RPPOMLQLMHIGFFB08CB,保成段,2.55,都市：住,100000,447,持分移轉,04620000
RPPOMLQLMHIGFFB08CB,保成段,3.19,都市：住,100000,447,持分移轉,04630000
RPPOMLQLMHIGFFB08CB,保成段,8.13,都市：住,100000,447,持分移轉,04640000
RPPOMLQLMHIGFFB08CB,保成段,.61,都市：住,100000,447,持分移轉,04650000
RPPOMLQLMHIGFFB08CB,保成段,2.91,都市：住,100000,447,持分移轉,04820000
RPROMLQLMHIGFFB28CB,新站段,22.12,都市：住,10000,33,持分移轉,00660000
RPSOMLQLMHIGFFB38CB,新站段,19.44,都市：住,10000,29,持分移轉,00660000
RPTOMLQLMHIGFFB48CB,保成段,1.33,都市：住,100000,447,持分移轉,04580000
RPTOMLQLMHIGFFB48CB,保成段,7.52,都市：住,100000,447,持分移轉,04600000
RPTOMLQLMHIGFFB48CB,保成段,2.50,都市：住,100000,447,持分移轉,04610000
RPTOMLQLMHIGFFB48CB,保成段,2.55,都市：住,100000,447,持分移轉,04620000
RPTOMLQLMHIGFFB48CB,保成段,3.19,都市：住,100000,447,持分移轉,04630000
RPTOMLQLMHIGFFB48CB,保成段,8.13,都市：住,100000,447,持分移轉,04640000
RPTOMLQLMHIGFFB48CB,保成段,.61,都市：住,100000,447,持分移轉,04650000
RPTOMLQLMHIGFFB48CB,保成段,2.91,都市：住,100000,447,持分移轉,04820000
RPUOMLQLMHIGFFB58CB,新站段,14.08,都市：住,10000,21,持分移轉,00660000
RPWOMLQLMHIGFFB78CB,保成段,1.01,都市：住,100000,339,持分移轉,04580000
RPWOMLQLMHIGFFB78CB,保成段,5.70,都市：住,100000,339,持分移轉,04600000
RPWOMLQLMHIGFFB78CB,保成段,1.89,都市：住,100000,339,持分移轉,04610000
RPWOMLQLMHIGFFB78CB,保成段,1.93,都市：住,100000,339,持分移轉,04620000
RPWOMLQLMHIGFFB78CB,保成段,2.42,都市：住,100000,339,持分移轉,04630000
RPWOMLQLMHIGFFB78CB,保成段,6.17,都市：住,100000,339,持分移轉,04640000
RPWOMLQLMHIGFFB78CB,保成段,.46,都市：住,100000,339,持分移轉,04650000
RPWOMLQLMHIGFFB78CB,保成段,2.21,都市：住,100000,339,持分移轉,04820000
RPXOMLQLMHIGFFB88CB,保成段,1.04,都市：住,100000,348,持分移轉,04580000
RPXOMLQLMHIGFFB88CB,保成段,5.86,都市：住,100000,348,持分移轉,04600000
RPXOMLQLMHIGFFB88CB,保成段,1.94,都市：住,100000,348,持分移轉,04610000
RPXOMLQLMHIGFFB88CB,保成段,1.99,都市：住,100000,348,持分移轉,04620000
RPXOMLQLMHIGFFB88CB,保成段,2.49,都市：住,100000,348,持分移轉,04630000
RPXOMLQLMHIGFFB88CB,保成段,6.33,都市：住,100000,348,持分移轉,04640000
RPXOMLQLMHIGFFB88CB,保成段,.48,都市：住,100000,348,持分移轉,04650000
RPXOMLQLMHIGFFB88CB,保成段,2.27,都市：住,100000,348,持分移轉,04820000
RPVOMLQLMHIGFFB68CB,保成段,1.74,都市：住,100000,582,持分移轉,04580000
RPVOMLQLMHIGFFB68CB,保成段,9.79,都市：住,100000,582,持分移轉,04600000
RPVOMLQLMHIGFFB68CB,保成段,3.25,都市：住,100000,582,持分移轉,04610000
RPVOMLQLMHIGFFB68CB,保成段,3.32,都市：住,100000,582,持分移轉,04620000
RPVOMLQLMHIGFFB68CB,保成段,4.16,都市：住,100000,582,持分移轉,04630000
RPVOMLQLMHIGFFB68CB,保成段,10.59,都市：住,100000,582,持分移轉,04640000
RPVOMLQLMHIGFFB68CB,保成段,.79,都市：住,100000,582,持分移轉,04650000
RPVOMLQLMHIGFFB68CB,保成段,3.79,都市：住,100000,582,持分移轉,04820000
RPQPMLQLMHIGFFB28CB,市鎮北段,11.44,都市：商,10000,19,持分移轉,00450000
RPPPMLQLMHIGFFB18CB,保成段,1.36,都市：住,100000,455,持分移轉,04580000
RPPPMLQLMHIGFFB18CB,保成段,7.66,都市：住,100000,455,持分移轉,04600000
RPPPMLQLMHIGFFB18CB,保成段,2.54,都市：住,100000,455,持分移轉,04610000
RPPPMLQLMHIGFFB18CB,保成段,2.60,都市：住,100000,455,持分移轉,04620000
RPPPMLQLMHIGFFB18CB,保成段,3.25,都市：住,100000,455,持分移轉,04630000
RPPPMLQLMHIGFFB18CB,保成段,8.28,都市：住,100000,455,持分移轉,04640000
RPPPMLQLMHIGFFB18CB,保成段,.62,都市：住,100000,455,持分移轉,04650000
RPPPMLQLMHIGFFB18CB,保成段,2.96,都市：住,100000,455,持分移轉,04820000
RPOPMLQLMHIGFFB08CB,保成段,1.04,都市：住,100000,348,持分移轉,04580000
RPOPMLQLMHIGFFB08CB,保成段,5.86,都市：住,100000,348,持分移轉,04600000
RPRPMLQLMHIGFFB38CB,市鎮北段,9.63,都市：商,10000,16,持分移轉,00450000
RPOPMLQLMHIGFFB08CB,保成段,1.94,都市：住,100000,348,持分移轉,04610000
RPOPMLQLMHIGFFB08CB,保成段,1.99,都市：住,100000,348,持分移轉,04620000
RPOPMLQLMHIGFFB08CB,保成段,2.49,都市：住,100000,348,持分移轉,04630000
RPOPMLQLMHIGFFB08CB,保成段,6.33,都市：住,100000,348,持分移轉,04640000
RPOPMLQLMHIGFFB08CB,保成段,.48,都市：住,100000,348,持分移轉,04650000
RPOPMLQLMHIGFFB08CB,保成段,2.27,都市：住,100000,348,持分移轉,04820000
RPSPMLQLMHIGFFB48CB,市鎮北段,12.64,都市：商,10000,21,持分移轉,00450000
RPVPMLQLMHIGFFB78CB,市鎮北段,12.64,都市：商,10000,21,持分移轉,00450000
RPXPMLQLMHIGFFB98CB,市鎮南段,13.00,都市：商,100000,58,持分移轉,00970000
RPWPMLQLMHIGFFB88CB,市鎮南段,7.62,都市：商,100000,34,持分移轉,00970000
RPOQMLQLMHIGFFB18CB,興安西段,22.85,都市：住,10000,50,持分移轉,00880000
RPTPMLQLMHIGFFB58CB,市鎮北段,12.64,都市：商,10000,21,持分移轉,00450000
RPQQMLQLMHIGFFB38CB,興安西段,22.85,都市：住,10000,50,持分移轉,00880000
RPPQMLQLMHIGFFB28CB,興安西段,22.85,都市：住,10000,50,持分移轉,00880000
RPRQMLQLMHIGFFB48CB,興安西段,20.57,都市：住,10000,45,持分移轉,00880000
RPSQMLQLMHIGFFB58CB,市鎮北段,15.05,都市：商,10000,25,持分移轉,00450000
RPTQMLQLMHIGFFB68CB,市鎮北段,15.05,都市：商,10000,25,持分移轉,00450000
RPVQMLQLMHIGFFB88CB,市鎮北段,10.83,都市：商,10000,18,持分移轉,00450000
RPUQMLQLMHIGFFB78CB,市鎮北段,10.83,都市：商,10000,18,持分移轉,00450000
RPWQMLQLMHIGFFB98CB,市鎮北段,10.83,都市：商,10000,18,持分移轉,00450000
RPXQMLQLMHIGFFB09CB,市鎮北段,10.83,都市：商,10000,18,持分移轉,00450000
RPPNMLQLMHIGFDB77CB,育仁段,4.53,都市：其他:道路用地,18,1,持分移轉,04470000
RPPNMLQLMHIGFDB77CB,育仁段,33.53,都市：住,100000,5303,持分移轉,04520000
RPQNMLQLMHIGFDB87CB,后寶段,8.67,非都市：鄉村區 ; 非都市編定：乙種建築用地,100000,388,持分移轉,09070000
RPQNMLQLMHIGFDB87CB,后寶段,4.68,非都市：鄉村區 ; 非都市編定：乙種建築用地,100000,388,持分移轉,09080000
RPQNMLQLMHIGFDB87CB,后寶段,1.28,非都市：鄉村區 ; 非都市編定：乙種建築用地,100000,388,持分移轉,09090000
RPQNMLQLMHIGFDB87CB,后寶段,5.68,非都市：鄉村區 ; 非都市編定：乙種建築用地,100000,388,持分移轉,09100000
RPQNMLQLMHIGFDB87CB,后寶段,1.90,非都市：鄉村區 ; 非都市編定：乙種建築用地,100000,388,持分移轉,09110000
RPPNMLQLMHIGFJB38CB,育賢段,25.74,都市：住,100000,439,持分移轉,02100000
RPQNMLQLMHIGFJB48CB,育賢段,23.51,都市：住,100000,401,持分移轉,02100000
RPTNMLQLMHIGFJB78CB,育賢段,25.74,都市：住,100000,439,持分移轉,02100000
RPRNMLQLMHIGFJB58CB,育賢段,24.16,都市：住,100000,412,持分移轉,02100000
RPSNMLQLMHIGFJB68CB,育賢段,23.51,都市：住,100000,401,持分移轉,02100000
RPVNMLQLMHIGFJB98CB,育賢段,25.74,都市：住,100000,439,持分移轉,02100000
RPUNMLQLMHIGFJB88CB,育賢段,25.74,都市：住,100000,439,持分移轉,02100000
RPWNMLQLMHIGFJB09CB,洪厝段,63.17,非都市：鄉村區 ; 非都市編定：乙種建築用地,1,1,全筆移轉,04060027
RPWNMLQLMHIGFJB09CB,洪厝段,3.31,非都市：鄉村區 ; 非都市編定：乙種建築用地,100000,689,持分移轉,04060010
RPWNMLQLMHIGFJB09CB,洪厝段,.06,非都市：鄉村區 ; 非都市編定：乙種建築用地,100000,1886,持分移轉,04060029
RPOOMLQLMHIGFJB38CB,育賢段,21.78,都市：住,10000,31,持分移轉,02270000
RPXNMLQLMHIGFJB56CB,新興段,112.48,都市：住,1,1,全筆移轉,00530010
RPPNMLQLMHIGFCB67CB,福星段,5.73,都市：住,100000,1243,持分移轉,02310000
RPPNMLQLMHIGFCB67CB,福星段,7.40,都市：住,100000,1243,持分移轉,02340000
RPPNMLQLMHIGFCB67CB,福星段,6.10,都市：住,100000,1243,持分移轉,02350000
RPPOMLQLMHIGFJB48CB,育賢段,16.51,都市：住,10000,26,持分移轉,01840004
RPRNMLQLMHIGFCB87CB,永新段,42.70,都市：商,100000,2980,持分移轉,00600000
RPQNMLQLMHIGFCB77CB,福德段,14.71,都市：住,100000,835,持分移轉,02730000
RPSNMLQLMHIGFCB97CB,福德段,14.71,都市：住,100000,835,持分移轉,02730000
RPTNMLQLMHIGFCB08CB,惠國段,15.50,都市：其他:第六種新市政中心專用區,100000,853,持分移轉,01010000
RPUNMLQLMHIGFCB18CB,西屯段,25.62,都市：住,10000,102,持分移轉,22590000
RPWNMLQLMHIGFCB38CB,何厝段,12.01,都市：商,100000,218,持分移轉,00870000
RPXNMLQLMHIGFCB48CB,惠來厝段,2.62,都市：住,100000,399,持分移轉,03050000
RPXNMLQLMHIGFCB48CB,惠來厝段,8.85,都市：住,100000,399,持分移轉,03110000
RPXNMLQLMHIGFCB48CB,惠來厝段,11.18,都市：住,100000,399,持分移轉,03140000
RPOOMLQLMHIGFCB67CB,惠來厝段,2.92,都市：住,100000,444,持分移轉,03050000
RPXNMLQLMHIGFCB48CB,惠來厝段,.48,都市：住,100000,399,持分移轉,03140003
RPOOMLQLMHIGFCB67CB,惠來厝段,9.85,都市：住,100000,444,持分移轉,03110000
RPOOMLQLMHIGFCB67CB,惠來厝段,12.44,都市：住,100000,444,持分移轉,03140000
RPOOMLQLMHIGFCB67CB,惠來厝段,.53,都市：住,100000,444,持分移轉,03140003
RPPOMLQLMHIGFCB77CB,惠來厝段,1.71,都市：住,100000,261,持分移轉,03050000
RPPOMLQLMHIGFCB77CB,惠來厝段,5.79,都市：住,100000,261,持分移轉,03110000
RPPOMLQLMHIGFCB77CB,惠來厝段,7.31,都市：住,100000,261,持分移轉,03140000
RPPOMLQLMHIGFCB77CB,惠來厝段,.31,都市：住,100000,261,持分移轉,03140003
RPSOMLQLMHIGFCB08CB,福德段,8.01,都市：住,100000,915,持分移轉,00370000
RPSOMLQLMHIGFCB08CB,福德段,9.14,都市：住,100000,915,持分移轉,00420000
RPROMLQLMHIGFCB97CB,惠來厝段,2.92,都市：住,100000,444,持分移轉,03050000
RPROMLQLMHIGFCB97CB,惠來厝段,9.85,都市：住,100000,444,持分移轉,03110000
RPROMLQLMHIGFCB97CB,惠來厝段,12.44,都市：住,100000,444,持分移轉,03140000
RPROMLQLMHIGFCB97CB,惠來厝段,.53,都市：住,100000,444,持分移轉,03140003
RPTOMLQLMHIGFCB18CB,福德段,5.89,都市：住,100000,673,持分移轉,00370000
RPTOMLQLMHIGFCB18CB,福德段,6.72,都市：住,100000,673,持分移轉,00420000
RPQOMLQLMHIGFCB87CB,惠來厝段,1.84,都市：住,100000,280,持分移轉,03050000
RPQOMLQLMHIGFCB87CB,惠來厝段,6.21,都市：住,100000,280,持分移轉,03110000
RPQOMLQLMHIGFCB87CB,惠來厝段,7.84,都市：住,100000,280,持分移轉,03140000
RPQOMLQLMHIGFCB87CB,惠來厝段,.34,都市：住,100000,280,持分移轉,03140003
RPUOMLQLMHIGFCB28CB,福德段,5.89,都市：住,100000,673,持分移轉,00370000
RPUOMLQLMHIGFCB28CB,福德段,6.72,都市：住,100000,673,持分移轉,00420000
RPXOMLQLMHIGFCB58CB,建功段,14.70,都市：住,100000,180,持分移轉,00040000
RPVOMLQLMHIGFCB38CB,福德段,5.89,都市：住,100000,673,持分移轉,00370000
RPVOMLQLMHIGFCB38CB,福德段,6.72,都市：住,100000,673,持分移轉,00420000
RPSNMLQLMHIGFBB87CB,水源段,1.36,都市：住,10000,135,持分移轉,03130000
RPPNMLQLMHIGFIB28CB,成功嶺段,25.02,都市：住,1000000,11647,持分移轉,03010000
RPSNMLQLMHIGFBB87CB,水源段,.90,都市：住,10000,135,持分移轉,03130003
RPPNMLQLMHIGFIB28CB,成功嶺段,6.62,都市：商,1000000,11647,持分移轉,03010002
RPSNMLQLMHIGFBB87CB,水源段,.77,都市：住,10000,135,持分移轉,03130004
RPPNMLQLMHIGFIB28CB,成功嶺段,.36,都市：商,1000000,11647,持分移轉,03070000
RPSNMLQLMHIGFBB87CB,水源段,.55,都市：住,10000,135,持分移轉,03130005
RPSNMLQLMHIGFBB87CB,水源段,.20,都市：住,10000,135,持分移轉,03140004
RPSNMLQLMHIGFBB87CB,水源段,.80,都市：住,10000,135,持分移轉,03120005
RPSNMLQLMHIGFBB87CB,水源段,.99,都市：住,10000,135,持分移轉,03120007
RPSNMLQLMHIGFBB87CB,水源段,.89,都市：住,10000,135,持分移轉,03120008
RPSNMLQLMHIGFBB87CB,水源段,.63,都市：住,10000,135,持分移轉,03120009
RPSNMLQLMHIGFBB87CB,水源段,.15,都市：住,10000,135,持分移轉,03110009
RPSNMLQLMHIGFBB87CB,水源段,2.01,都市：住,10000,135,持分移轉,03080000
RPQNMLQLMHIGFIB38CB,成功嶺段,25.86,都市：住,1000000,12038,持分移轉,03010000
RPWOMLQLMHIGFCB48CB,福德段,5.89,都市：住,100000,673,持分移轉,00370000
RPWOMLQLMHIGFCB48CB,福德段,6.72,都市：住,100000,673,持分移轉,00420000
RPQNMLQLMHIGFIB38CB,成功嶺段,6.84,都市：商,1000000,12038,持分移轉,03010002
RPQNMLQLMHIGFIB38CB,成功嶺段,.37,都市：商,1000000,12038,持分移轉,03070000
RPRNMLQLMHIGFIB48CB,新高鐵段,14.63,都市：商,100000,104,持分移轉,00310000
RPSNMLQLMHIGFIB58CB,新高鐵段,14.63,都市：商,100000,104,持分移轉,00310000
RPTNMLQLMHIGFIB68CB,新高鐵段,10.83,都市：商,100000,77,持分移轉,00310000
RPXNMLQLMHIGFIB09CB,新榮泉段,14.20,都市：商,100000,734,持分移轉,00250000
RPVNMLQLMHIGFIB88CB,新高鐵段,14.77,都市：商,100000,105,持分移轉,00310000
RPUNMLQLMHIGFIB78CB,新高鐵段,9.43,都市：商,100000,67,持分移轉,00310000
RPWNMLQLMHIGFIB98CB,五張犁西段,45.90,都市：農,1,1,全筆移轉,09800041
RPWNMLQLMHIGFIB98CB,五張犁西段,.60,都市：農,100000,637,持分移轉,09800101
RPWNMLQLMHIGFIB98CB,五張犁西段,12.95,都市：農,100000,875,持分移轉,09800106
RPWNMLQLMHIGFIB98CB,五張犁西段,1.63,都市：農,100000,637,持分移轉,09800108
RPOOMLQLMHIGFIB28CB,新榮泉段,14.20,都市：商,100000,734,持分移轉,00250000
RPPOMLQLMHIGFIB38CB,新榮泉段,14.20,都市：商,100000,734,持分移轉,00250000
RPPNMLRLMHIGFIB38CB,大忠段,27.73,都市：住,100000,2648,持分移轉,02020000
RPSNMLRLMHIGFIB68CB,大忠段,27.43,都市：住,100000,2620,持分移轉,02020000
RPRNMLRLMHIGFIB58CB,大忠段,27.46,都市：住,100000,2623,持分移轉,02020000
RPTNMLRLMHIGFIB78CB,中興段,11.89,都市：住,100000,1241,持分移轉,01170000
RPTNMLRLMHIGFIB78CB,中興段,11.98,都市：住,100000,1241,持分移轉,01180000
RPTNMLRLMHIGFIB78CB,中興段,3.64,都市：住,100000,1241,持分移轉,01190001
RPPNMLRLMHIGFCB77CB,惠國段,13.89,都市：其他:第三種新市政中心專用區,100000,474,持分移轉,00810000
RPPNMLRLMHIGFCB77CB,惠國段,8.75,都市：其他:第三種新市政中心專用區,100000,474,持分移轉,00820000
RPUNMLRLMHIGFIB88CB,中興段,11.75,都市：住,100000,1227,持分移轉,01170000
RPUNMLRLMHIGFIB88CB,中興段,11.84,都市：住,100000,1227,持分移轉,01180000
RPUNMLRLMHIGFIB88CB,中興段,3.60,都市：住,100000,1227,持分移轉,01190001
RPSNMLRLMHIGFCB08CB,田心段,21.35,都市：住,1000000,4763,持分移轉,14800000
RPRNMLRLMHIGFCB97CB,惠國段,19.13,都市：其他:第三種新市政中心專用區,100000,653,持分移轉,00810000
RPRNMLRLMHIGFCB97CB,惠國段,12.05,都市：其他:第三種新市政中心專用區,100000,653,持分移轉,00820000
RPUNMLRLMHIGFCB28CB,田心段,27.85,都市：住,1000000,6213,持分移轉,14800000
RPTNMLRLMHIGFCB18CB,田心段,23.18,都市：住,1000000,5172,持分移轉,14800000
RPVNMLRLMHIGFCB38CB,中正段,.19,都市：商,100000,215,持分移轉,02350000
RPVNMLRLMHIGFCB38CB,中正段,10.32,都市：商,100000,215,持分移轉,02280000
RPWNMLRLMHIGFCB48CB,中正段,.19,都市：商,100000,215,持分移轉,02350000
RPWNMLRLMHIGFCB48CB,中正段,10.32,都市：商,100000,215,持分移轉,02280000
RPXNMLRLMHIGFCB58CB,中正段,.19,都市：商,100000,215,持分移轉,02350000
RPXNMLRLMHIGFCB58CB,中正段,10.32,都市：商,100000,215,持分移轉,02280000
RPPOMLRLMHIGFCB87CB,中正段,.19,都市：商,100000,207,持分移轉,02350000
RPPOMLRLMHIGFCB87CB,中正段,9.93,都市：商,100000,207,持分移轉,02280000
RPQOMLRLMHIGFCB97CB,中正段,.19,都市：商,100000,215,持分移轉,02350000
RPQOMLRLMHIGFCB97CB,中正段,10.32,都市：商,100000,215,持分移轉,02280000
RPOOMLRLMHIGFCB77CB,中正段,.19,都市：商,100000,207,持分移轉,02350000
RPOOMLRLMHIGFCB77CB,中正段,9.93,都市：商,100000,207,持分移轉,02280000
RPROMLRLMHIGFCB08CB,中正段,.19,都市：商,100000,215,持分移轉,02350000
RPROMLRLMHIGFCB08CB,中正段,10.32,都市：商,100000,215,持分移轉,02280000
RPSOMLRLMHIGFCB18CB,中正段,.19,都市：商,100000,215,持分移轉,02350000
RPSOMLRLMHIGFCB18CB,中正段,10.32,都市：商,100000,215,持分移轉,02280000
RPTOMLRLMHIGFCB28CB,中正段,.19,都市：商,100000,207,持分移轉,02350000
RPTOMLRLMHIGFCB28CB,中正段,9.93,都市：商,100000,207,持分移轉,02280000
RPPNMLRLMHIGFJB48CB,育賢段,18.08,都市：住,10000,17,持分移轉,01810001
RPQNMLRLMHIGFJB58CB,育賢段,26.58,都市：住,10000,25,持分移轉,01810001
RPRNMLRLMHIGFJB68CB,育賢段,31.90,都市：住,10000,30,持分移轉,01810001
RPSNMLRLMHIGFJB78CB,育賢段,19.14,都市：住,10000,18,持分移轉,01810001
RPUNMLRLMHIGFJB98CB,育賢段,25.52,都市：住,10000,24,持分移轉,01810001
RPTNMLRLMHIGFJB88CB,育賢段,19.14,都市：住,10000,18,持分移轉,01810001
RPPNMLRLMHIGFBB77DB,太祥段,142.24,都市：住,1,1,全筆移轉,01160005
RPPNMLRLMHIGFBB67CB,敦和段,105.13,都市：住,1,1,全筆移轉,04550000
RPPNMLRLMHIGFBB67CB,敦和段,7.42,都市：住,8,1,持分移轉,04550002
RPPNMLRLMHIGFAB67DB,大益段,5.73,都市：住,1000000,16909,持分移轉,08870000
RPPNMLRLMHIGFAB67DB,大益段,7.71,都市：住,1000000,16909,持分移轉,08880000
RPPNMLRLMHIGFAB67DB,大益段,7.73,都市：住,1000000,16909,持分移轉,08880001
RPPNMLRLMHIGFAB57CB,下橋子頭段,6.29,都市：住,100000,376,持分移轉,02030000
RPPNMLRLMHIGFAB57CB,下橋子頭段,6.17,都市：商,100000,376,持分移轉,01240053
RPQNMLSLMHIGFBB87CB,仁平段,86.48,都市：住,10000,487,持分移轉,00750000
RPPNMLSLMHIGFFB18CB,市鎮北段,10.83,都市：商,10000,18,持分移轉,00450000
RPQNMLSLMHIGFFB28CB,市鎮北段,15.05,都市：商,10000,25,持分移轉,00450000
RPPNMLSLMHIGFAB67CB,後壠子段,7.90,都市：住,100000,6642,持分移轉,01780119
RPPNMLSLMHIGFAB67CB,後壠子段,7.70,都市：住,100000,6642,持分移轉,01780120
RPPNMLSLMHIGFAB67CB,後壠子段,7.97,都市：住,100000,6642,持分移轉,01780121
RPTNMLSLMHIGFFB58CB,市鎮北段,9.63,都市：商,10000,16,持分移轉,00450000
RPRNMLSLMHIGFFB38CB,市鎮北段,15.05,都市：商,10000,25,持分移轉,00450000
RPSNMLSLMHIGFFB48CB,市鎮北段,9.63,都市：商,10000,16,持分移轉,00450000
RPUNMLSLMHIGFFB68CB,市鎮北段,9.63,都市：商,10000,16,持分移轉,00450000
RPPNMLSLMHIGFBB77CB,環中段,40.50,都市：住,10000,100,持分移轉,03080000
RPXNMLSLMHIGFFB98CB,市鎮北段,14.45,都市：商,10000,24,持分移轉,00450000
RPVNMLSLMHIGFFB78CB,市鎮北段,9.63,都市：商,10000,16,持分移轉,00450000
RPWNMLSLMHIGFFB88CB,市鎮北段,14.45,都市：商,10000,24,持分移轉,00450000
RPPOMLSLMHIGFFB28CB,市鎮北段,13.84,都市：商,10000,23,持分移轉,00450000
RPOOMLSLMHIGFFB18CB,市鎮北段,14.45,都市：商,10000,24,持分移轉,00450000
RPQOMLSLMHIGFFB38CB,市鎮北段,13.84,都市：商,10000,23,持分移轉,00450000
RPROMLSLMHIGFFB48CB,市鎮北段,13.84,都市：商,10000,23,持分移轉,00450000
RPSOMLSLMHIGFFB58CB,市鎮北段,13.84,都市：商,10000,23,持分移轉,00450000
RPTOMLSLMHIGFFB68CB,市鎮北段,14.45,都市：商,10000,24,持分移轉,00450000
RPWOMLSLMHIGFFB98CB,市鎮北段,14.45,都市：商,10000,24,持分移轉,00450000
RPXOMLSLMHIGFFB09CB,市鎮北段,13.24,都市：商,10000,22,持分移轉,00450000
RPUOMLSLMHIGFFB78CB,市鎮北段,14.45,都市：商,10000,24,持分移轉,00450000
RPVOMLSLMHIGFFB88CB,市鎮北段,14.45,都市：商,10000,24,持分移轉,00450000
RPPPMLSLMHIGFFB38CB,市鎮北段,9.63,都市：商,10000,16,持分移轉,00450000
RPOPMLSLMHIGFFB28CB,市鎮北段,9.63,都市：商,10000,16,持分移轉,00450000
RPRPMLSLMHIGFFB58CB,市鎮北段,15.65,都市：商,10000,26,持分移轉,00450000
RPQPMLSLMHIGFFB48CB,市鎮北段,9.63,都市：商,10000,16,持分移轉,00450000
RPSPMLSLMHIGFFB68CB,市鎮北段,15.65,都市：商,10000,26,持分移轉,00450000
RPTPMLSLMHIGFFB78CB,市鎮北段,15.65,都市：商,10000,26,持分移轉,00450000
RPWPMLSLMHIGFFB09CB,市鎮北段,15.65,都市：商,10000,26,持分移轉,00450000
RPVPMLSLMHIGFFB98CB,市鎮北段,15.65,都市：商,10000,26,持分移轉,00450000
RPXPMLSLMHIGFFB56CB,市鎮北段,11.44,都市：商,10000,19,持分移轉,00450000
RPUPMLSLMHIGFFB88CB,市鎮北段,15.65,都市：商,10000,26,持分移轉,00450000
RPOQMLSLMHIGFFB38CB,市鎮北段,11.44,都市：商,10000,19,持分移轉,00450000
RPRQMLSLMHIGFFB68CB,市鎮北段,11.44,都市：商,10000,19,持分移轉,00450000
RPPQMLSLMHIGFFB48CB,市鎮北段,11.44,都市：商,10000,19,持分移轉,00450000
RPSQMLSLMHIGFFB78CB,市鎮北段,11.44,都市：商,10000,19,持分移轉,00450000
RPTQMLSLMHIGFFB88CB,市鎮北段,11.44,都市：商,10000,19,持分移轉,00450000
RPORMLSLMHIGFFB48CB,市鎮北段,14.45,都市：商,10000,24,持分移轉,00450000
RPWQMLSLMHIGFFB56CB,市鎮北段,11.44,都市：商,10000,19,持分移轉,00450000
RPVQMLSLMHIGFFB09CB,市鎮北段,11.44,都市：商,10000,19,持分移轉,00450000
RPQRMLSLMHIGFFB68CB,市鎮北段,17.46,都市：商,10000,29,持分移轉,00450000
RPUQMLSLMHIGFFB98CB,市鎮北段,11.44,都市：商,10000,19,持分移轉,00450000
RPPRMLSLMHIGFFB58CB,市鎮北段,14.45,都市：商,10000,24,持分移轉,00450000
RPXQMLSLMHIGFFB66CB,市鎮北段,14.45,都市：商,10000,24,持分移轉,00450000
RPRRMLSLMHIGFFB78CB,市鎮北段,17.46,都市：商,10000,29,持分移轉,00450000
RPSRMLSLMHIGFFB88CB,市鎮北段,17.46,都市：商,10000,29,持分移轉,00450000
RPTRMLSLMHIGFFB98CB,市鎮北段,9.63,都市：商,10000,16,持分移轉,00450000
RPURMLSLMHIGFFB09CB,市鎮北段,9.63,都市：商,10000,16,持分移轉,00450000
RPPNMLSLMHIGFKB78DB,龍田段,84.00,都市：住,1,1,全筆移轉,12200006
RPVRMLSLMHIGFFB56CB,市鎮北段,9.63,都市：商,10000,16,持分移轉,00450000
RPPNMLSLMHIGFGB28CB,高簡段,73.60,都市：住,1,1,全筆移轉,13310028
RPPNMLSLMHIGFGB28CB,高簡段,18.86,都市：住,24,1,持分移轉,13310020
RPPNMLSLMHIGFKB68CB,龍崗段,27.28,都市：住,100000,1217,持分移轉,00800000
RPQNMLSLMHIGFKB78CB,龍崗段,27.28,都市：住,100000,1217,持分移轉,00800000
RPPNMLSLMHIGFJB58CB,學億段,29.55,都市：住,10000,157,持分移轉,00380004
RPQNMLSLMHIGFJB68CB,育賢段,12.70,都市：住,10000,20,持分移轉,01840004
RPRNMLSLMHIGFJB78CB,育賢段,15.87,都市：住,10000,25,持分移轉,01840004
RPPNMLSLMHIGFDB97CB,厚生段,67.20,都市：住,1,1,全筆移轉,06680020
RPTNMLSLMHIGFJB98CB,育賢段,23.89,都市：住,10000,34,持分移轉,02270000
RPSNMLSLMHIGFJB88CB,育賢段,21.59,都市：住,10000,34,持分移轉,01840004
RPQNMLSLMHIGFDB08CB,中和東段,21.73,都市：住,100000,990,持分移轉,12000000
RPRNMLSLMHIGFDB18CB,中和東段,32.21,都市：住,100000,1467,持分移轉,12000000
RPPNMLSLMHIGFCB87CB,保安段,37.19,都市：住,100000,786,持分移轉,04620000
RPQNMLSLMHIGFCB97CB,保安段,30.85,都市：住,100000,652,持分移轉,04620000
RPSNMLSLMHIGFDB28CB,中和東段,21.73,都市：住,100000,990,持分移轉,12000000
RPRNMLSLMHIGFCB08CB,保安段,36.96,都市：住,100000,781,持分移轉,04620000
RPTNMLSLMHIGFCB28CB,廣明段,28.82,都市：其他:第二種創新研發專用區,100000,1067,持分移轉,08550000
RPSNMLSLMHIGFCB18CB,福德段,13.19,都市：住,100000,856,持分移轉,01110000
RPSNMLSLMHIGFCB18CB,福德段,1.78,都市：住,100000,856,持分移轉,01140000
RPSNMLSLMHIGFCB18CB,福德段,1.71,都市：住,100000,856,持分移轉,01140001
RPSNMLSLMHIGFCB18CB,福德段,1.71,都市：住,100000,856,持分移轉,01140002
RPSNMLSLMHIGFCB18CB,福德段,1.71,都市：住,100000,856,持分移轉,01140003
RPSNMLSLMHIGFCB18CB,福德段,3.61,都市：住,100000,856,持分移轉,01150000
RPUNMLSLMHIGFCB38CB,廣明段,28.82,都市：其他:第二種創新研發專用區,100000,1067,持分移轉,08550000
RPVNMLSLMHIGFCB48CB,建功段,10.04,都市：住,100000,123,持分移轉,00040000
RPWNMLSLMHIGFCB58CB,福德段,11.31,都市：住,100000,642,持分移轉,02730000
RPPNMLSLMHIGFIB48CB,新榮和段,14.86,都市：商,100000,178,持分移轉,00220000
RPQNMLSLMHIGFIB58CB,新榮和段,15.86,都市：商,100000,190,持分移轉,00220000
RPRNMLTLMHIGFIB78CB,新榮泉段,16.53,都市：商,100000,854,持分移轉,00250000
RPPNMLTLMHIGFCB97CB,福德段,11.31,都市：住,100000,642,持分移轉,02730000
RPPNMLTLMHIGFIB58CB,新榮泉段,21.75,都市：商,100000,1124,持分移轉,00250000
RPQNMLTLMHIGFCB08CB,福德段,14.83,都市：住,100000,842,持分移轉,02730000
RPSNMLTLMHIGFCB28CB,福德段,11.31,都市：住,100000,642,持分移轉,02730000
RPTNMLTLMHIGFCB38CB,福德段,11.31,都市：住,100000,642,持分移轉,02730000
RPRNMLTLMHIGFCB18CB,福德段,11.31,都市：住,100000,642,持分移轉,02730000
RPUNMLTLMHIGFCB48CB,永春段,8.13,都市：住,100000,286,持分移轉,01050000
RPUNMLTLMHIGFCB48CB,永春段,72.31,都市：住,100000,2404,持分移轉,01060004
RPUNMLTLMHIGFCB48CB,永春段,184.74,都市：住,1,1,全筆移轉,01060030
RPVNMLTLMHIGFCB58CB,福德段,11.31,都市：住,100000,642,持分移轉,02730000
RPWNMLTLMHIGFCB68CB,福德段,11.31,都市：住,100000,642,持分移轉,02730000
RPXNMLTLMHIGFCB78CB,福德段,11.31,都市：住,100000,642,持分移轉,02730000
RPPOMLTLMHIGFCB08CB,福德段,14.83,都市：住,100000,842,持分移轉,02730000
RPPNMLTLMHIGFDB08CB,神圳段,22.98,都市：住,100000,1615,持分移轉,06430000
RPQNMLTLMHIGFDB18CB,神圳段,22.88,都市：住,100000,1608,持分移轉,06430000
RPRNMLTLMHIGFDB28CB,神圳段,23.05,都市：住,100000,1620,持分移轉,06430000
RPOOMLTLMHIGFCB97CB,福德段,11.31,都市：住,100000,642,持分移轉,02730000
RPQNMLTLMHIGFFB38CB,市鎮北段,14.81,都市：商,10000,46,持分移轉,00130001
RPPNMLTLMHIGFFB28CB,市鎮北段,10.62,都市：商,10000,33,持分移轉,00130001
RPPNMLTLMHIGFHB48CB,豐興段,52.98,非都市：鄉村區 ; 非都市編定：乙種建築用地,1,1,全筆移轉,03070003
RPRNMLTLMHIGFFB48CB,市鎮北段,14.48,都市：商,10000,45,持分移轉,00130001
RPPNMLKMMHIGFBB07CB,碧柳段,2.96,都市：住,100000,518,持分移轉,02150000
RPPNMLKMMHIGFBB07CB,碧柳段,3.22,都市：住,100000,518,持分移轉,02160000
RPPNMLKMMHIGFBB07CB,碧柳段,6.44,都市：住,100000,518,持分移轉,02170000
RPPNMLKMMHIGFBB07CB,碧柳段,10.24,都市：住,100000,518,持分移轉,02180000
RPQNMLKMMHIGFBB17CB,碧柳段,2.96,都市：住,100000,518,持分移轉,02150000
RPQNMLKMMHIGFBB17CB,碧柳段,3.22,都市：住,100000,518,持分移轉,02160000
RPQNMLKMMHIGFBB17CB,碧柳段,6.44,都市：住,100000,518,持分移轉,02170000
RPQNMLKMMHIGFBB17CB,碧柳段,10.24,都市：住,100000,518,持分移轉,02180000
RPRNMLKMMHIGFBB27CB,碧柳段,9.20,都市：商,100000,96,持分移轉,00020000
RPSNMLKMMHIGFBB37CB,碧柳段,7.38,都市：商,100000,77,持分移轉,00020000
RPUNMLKMMHIGFBB57CB,碧柳段,9.20,都市：商,100000,96,持分移轉,00020000
RPVNMLKMMHIGFBB67CB,碧柳段,7.38,都市：商,100000,77,持分移轉,00020000
RPPNMLKMMHIGFFB47CB,成衣段,38.87,都市：住,10000,152,持分移轉,00050000
RPWNMLKMMHIGFBB77CB,碧柳段,9.20,都市：商,100000,96,持分移轉,00020000
RPTNMLKMMHIGFBB47CB,碧柳段,11.59,都市：商,100000,121,持分移轉,00020000
RPRNMLKMMHIGFFB67CB,紅竹段,22.61,都市：住,100000,1511,持分移轉,03030001
RPSNMLKMMHIGFFB77CB,沙工北段,31.69,都市：住,100000,770,持分移轉,15190000
RPTNMLKMMHIGFFB87CB,沙工北段,25.40,都市：住,100000,617,持分移轉,15190000
RPUNMLKMMHIGFFB97CB,沙工北段,19.26,都市：住,100000,468,持分移轉,15190000
RPVNMLKMMHIGFFB08CB,沙工北段,18.89,都市：住,100000,459,持分移轉,15190000
RPWNMLKMMHIGFFB18CB,沙工北段,19.26,都市：住,100000,468,持分移轉,15190000
RPOOMLKMMHIGFFB47CB,沙工北段,25.77,都市：住,100000,626,持分移轉,15190000
RPQOMLKMMHIGFFB67CB,沙工北段,25.77,都市：住,100000,626,持分移轉,15190000
RPXNMLKMMHIGFFB28CB,沙工北段,19.55,都市：住,100000,475,持分移轉,15190000
RPROMLKMMHIGFFB77CB,沙工北段,18.89,都市：住,100000,459,持分移轉,15190000
RPPNMLKMMHIGFAB96CB,樹子腳段,17.16,都市：住,10000,68,持分移轉,00230000
RPPOMLKMMHIGFFB57CB,沙工北段,24.24,都市：住,100000,589,持分移轉,15190000
RPPNMLKMMHIGFCB17CB,福德段,11.31,都市：住,100000,642,持分移轉,02730000
RPQNMLKMMHIGFCB27CB,惠順段,5.61,都市：商,100000,233,持分移轉,01190000
RPRNMLKMMHIGFCB37CB,惠順段,5.46,都市：商,100000,227,持分移轉,01190000
RPVNMLKMMHIGFCB77CB,惠順段,5.61,都市：商,100000,233,持分移轉,01190000
RPUNMLKMMHIGFCB67CB,惠順段,5.61,都市：商,100000,233,持分移轉,01190000
RPTNMLKMMHIGFCB57CB,惠順段,7.92,都市：商,100000,329,持分移轉,01190000
RPSNMLKMMHIGFCB47CB,惠順段,7.97,都市：商,100000,331,持分移轉,01190000
RPWNMLKMMHIGFCB87CB,惠順段,7.97,都市：商,100000,331,持分移轉,01190000
RPXNMLKMMHIGFCB97CB,惠順段,5.61,都市：商,100000,233,持分移轉,01190000
RPOOMLKMMHIGFCB17CB,建功段,14.29,都市：住,100000,175,持分移轉,00040000
RPPNMLLJNHIGFCB07CB,寶文段,30.40,都市：住,100000,649,持分移轉,00350002
RPQNMLLJNHIGFCB17CB,寶文段,30.40,都市：住,100000,649,持分移轉,00350002
RPRNMLLJNHIGFCB27CB,廣福段,26.94,都市：農,100000,992,持分移轉,03360000
RPSNMLLJNHIGFCB37CB,廣福段,27.05,都市：農,100000,996,持分移轉,03360000
RPTNMLLJNHIGFCB47CB,廣福段,29.11,都市：農,100000,1072,持分移轉,03360000
RPUNMLLJNHIGFCB57CB,廣福段,29.38,都市：農,100000,1082,持分移轉,03360000
RPVNMLLJNHIGFCB67CB,廣福段,19.20,都市：農,100000,707,持分移轉,03360000
RPPNMLLJNHIGFIB67CB,大里段,10.05,非都市：特定農業區 ; 非都市編定：甲種建築用地,10000,236,持分移轉,09580035
RPSNMLLJNHIGFIB97CB,健民段,20.45,非都市：鄉村區 ; 非都市編定：乙種建築用地,100000,322,持分移轉,07560000
RPQNMLLJNHIGFIB77CB,大里段,16.74,非都市：特定農業區 ; 非都市編定：甲種建築用地,10000,393,持分移轉,09580035
RPTNMLLJNHIGFIB08CB,健民段,25.78,非都市：鄉村區 ; 非都市編定：乙種建築用地,100000,406,持分移轉,07560000
RPPNMLLJNHIGFDB17CB,豐中段,14.33,都市：商,100000,2166,持分移轉,04130000
RPPNMLLJNHIGFDB17CB,豐中段,1.47,都市：住,100000,2166,持分移轉,04140000
RPQNMLLJNHIGFFB57DB,梧棲段,10.05,都市：商,10000,27,持分移轉,27810000
RPRNMLLJNHIGFFB67DB,梧棲段,10.05,都市：商,10000,27,持分移轉,27810000
RPPNMLLJNHIGFFB47DB,梧棲段,11.17,都市：商,10000,30,持分移轉,27810000
RPSNMLLJNHIGFFB77DB,梧棲段,13.78,都市：商,10000,37,持分移轉,27810000
RPTNMLLJNHIGFFB87DB,梧棲段,14.15,都市：商,10000,38,持分移轉,27810000
RPPNMLLJNHIGFJB77CB,愛平段,31.05,都市：住,100000,1295,持分移轉,10500000
RPPNMLLJNHIGFJB77CB,福平段,2.12,都市：住,100000,1295,持分移轉,00090000
RPQNMLLJNHIGFJB87CB,愛平段,31.63,都市：住,100000,1319,持分移轉,10500000
RPQNMLLJNHIGFJB87CB,福平段,2.16,都市：住,100000,1319,持分移轉,00090000
RPRNMLLJNHIGFJB97CB,壽平段,26.00,都市：住,100000,885,持分移轉,05400000
RPSNMLLJNHIGFJB08CB,壽平段,26.00,都市：住,100000,885,持分移轉,05400000
RPPNMLLJNHIGFBB07DB,南興段,96.38,都市：住,1,1,全筆移轉,02280021
RPPNMLLJNHIGFBB07DB,南興段,9.45,都市：住,26986,945,持分移轉,02280006
RPPNMLLJNHIGFBB07DB,南興段,.67,都市：住,2806,67,持分移轉,02280015
RPPNMLLJNHIGFBB07DB,南興段,.62,都市：住,1120,62,持分移轉,02280016
RPPNMLLJNHIGFAB86CB,城隍段五小段,4.80,都市：商,100000,916,持分移轉,00080014
RPPNMLLJNHIGFAB86CB,城隍段五小段,6.55,都市：商,100000,916,持分移轉,00080015
RPPNMLLJNHIGFAB86CB,城隍段五小段,3.80,都市：商,100000,916,持分移轉,00090003
RPPNMLLJNHIGFAB86CB,城隍段六小段,3.10,都市：商,100000,916,持分移轉,00030000
RPPNMLLJNHIGFAB86CB,城隍段六小段,.82,都市：商,100000,916,持分移轉,00030002
RPPNMLLJNHIGFAB86CB,城隍段六小段,.43,都市：商,100000,916,持分移轉,00040000
RPPNMLLJNHIGFAB86CB,城隍段六小段,.12,都市：住,100000,916,持分移轉,00030010
RPPNMLLJNHIGFFB37CB,市鎮北段,17.46,都市：商,10000,29,持分移轉,00450000
RPPNMLMJNHIGFFB47CB,庄北段,24.34,都市：住,10000,151,持分移轉,10720000
RPQNMLMJNHIGFFB57CB,庄北段,24.34,都市：住,10000,151,持分移轉,10720000
RPRNMLMJNHIGFFB67CB,庄北段,24.34,都市：住,10000,151,持分移轉,10720000
RPTNMLMJNHIGFFB87CB,大學段,101.83,都市：住,1,1,全筆移轉,04050007
RPTNMLMJNHIGFFB87CB,大學段,2.89,都市：住,18,1,持分移轉,04050009
RPTNMLMJNHIGFFB87CB,大學段,21.11,都市：住,12,1,持分移轉,04050010
RPUNMLMJNHIGFFB97CB,市鎮南段,13.29,都市：商,10000,39,持分移轉,00150000
RPVNMLMJNHIGFFB08CB,庄北段,24.02,都市：住,10000,149,持分移轉,10720000
RPWNMLMJNHIGFFB18CB,市鎮北段,12.64,都市：商,10000,21,持分移轉,00450000
RPXNMLMJNHIGFFB28CB,庄南段,25.11,都市：住,10000,92,持分移轉,14500000
RPXNMLMJNHIGFAB77CB,樹子腳段,9.14,都市：商,100000,379,持分移轉,12110000
RPOOMLMJNHIGFAB96CB,樹子腳段,9.14,都市：商,100000,379,持分移轉,12110000
RPPOMLMJNHIGFAB07CB,樹子腳段,14.27,都市：商,100000,592,持分移轉,12110000
RPQOMLMJNHIGFAB17CB,樹子腳段,9.14,都市：商,100000,379,持分移轉,12110000
RPROMLMJNHIGFAB27CB,樹子腳段,9.14,都市：商,100000,379,持分移轉,12110000
RPSOMLMJNHIGFAB37CB,樹子腳段,10.90,都市：商,100000,452,持分移轉,12110000
RPPNMLMJNHIGFBB07CB,敦和段,74.62,都市：住,1,1,全筆移轉,04550005
RPPNMLMJNHIGFBB07CB,敦和段,7.42,都市：住,8,1,持分移轉,04550002
RPPNMLMJNHIGFBB07CB,敦和段,26.30,都市：住,4,1,持分移轉,04550007
RPTOMLMJNHIGFAB47CB,樹子腳段,13.77,都市：商,100000,571,持分移轉,12110000
RPSNMLMJNHIGFBB37CB,北屯段,23.89,都市：住,10000,64,持分移轉,02140000
RPRNMLMJNHIGFBB27CB,乾溝子段,25.13,都市：住,100000,2096,持分移轉,01300005
RPTNMLMJNHIGFBB47CB,邱厝子段,13.14,都市：住,100000,2089,持分移轉,00950002
RPPNMLMJNHIGFIB87DB,丁台二段,23.76,非都市：特定農業區 ; 非都市編定：甲種建築用地,10000,537,持分移轉,06110000
RPPNMLMJNHIGFIB87DB,丁台二段,58.89,非都市：特定農業區 ; 非都市編定：甲種建築用地,1,1,全筆移轉,06280003
RPSNMLMJNHIGFKB28CB,龍目井段龍目井小段,24.42,都市：住,100000,2173,持分移轉,00890000
RPSNMLMJNHIGFKB28CB,龍目井段龍目井小段,9.10,都市：住,50,1,持分移轉,00890006
RPPNMLMJNHIGFKB97CB,龍崗段,25.17,都市：住,100000,1978,持分移轉,07640000
RPQNMLMJNHIGFKB08CB,龍目井段龍目井小段,22.06,都市：住,100000,1963,持分移轉,00890000
RPQNMLMJNHIGFKB08CB,龍目井段龍目井小段,9.10,都市：住,50,1,持分移轉,00890006
RPRNMLMJNHIGFKB18CB,龍目井段龍目井小段,22.06,都市：住,100000,1963,持分移轉,00890000
RPRNMLMJNHIGFKB18CB,龍目井段龍目井小段,9.10,都市：住,50,1,持分移轉,00890006
RPPNMLMJNHIGFBB17DB,文北段,23.72,都市：住,100000,354,持分移轉,01170000
RPRNMLMJNHIGFBB37DB,文北段,22.51,都市：住,100000,336,持分移轉,01170000
RPSNMLMJNHIGFBB47DB,文北段,35.64,都市：住,100000,532,持分移轉,01170000
RPQNMLMJNHIGFBB27DB,文北段,23.72,都市：住,100000,354,持分移轉,01170000
RPTNMLMJNHIGFBB57DB,文北段,25.86,都市：住,100000,386,持分移轉,01170000
RPUNMLMJNHIGFBB67DB,文北段,23.72,都市：住,100000,354,持分移轉,01170000
RPVNMLMJNHIGFBB77DB,文北段,26.80,都市：住,100000,400,持分移轉,01170000
RPWNMLMJNHIGFBB87DB,文北段,22.18,都市：住,100000,331,持分移轉,01170000
RPXNMLMJNHIGFBB97DB,文北段,23.72,都市：住,100000,354,持分移轉,01170000
RPQOMLMJNHIGFBB37DB,文北段,28.01,都市：住,100000,418,持分移轉,01170000
RPROMLMJNHIGFBB47DB,文北段,35.64,都市：住,100000,532,持分移轉,01170000
RPPOMLMJNHIGFBB27DB,文北段,22.18,都市：住,100000,331,持分移轉,01170000
RPSOMLMJNHIGFBB57DB,文北段,22.51,都市：住,100000,336,持分移轉,01170000
RPTOMLMJNHIGFBB67DB,文北段,26.80,都市：住,100000,400,持分移轉,01170000
RPUOMLMJNHIGFBB77DB,文北段,22.51,都市：住,100000,336,持分移轉,01170000
RPTNMLQLMHIGFBB97CB,水源段,1.36,都市：住,10000,135,持分移轉,03130000
RPTNMLQLMHIGFBB97CB,水源段,.90,都市：住,10000,135,持分移轉,03130003
RPTNMLQLMHIGFBB97CB,水源段,.77,都市：住,10000,135,持分移轉,03130004
RPTNMLQLMHIGFBB97CB,水源段,.55,都市：住,10000,135,持分移轉,03130005
RPTNMLQLMHIGFBB97CB,水源段,.20,都市：住,10000,135,持分移轉,03140004
RPTNMLQLMHIGFBB97CB,水源段,.80,都市：住,10000,135,持分移轉,03120005
RPTNMLQLMHIGFBB97CB,水源段,.99,都市：住,10000,135,持分移轉,03120007
RPTNMLQLMHIGFBB97CB,水源段,.89,都市：住,10000,135,持分移轉,03120008
RPTNMLQLMHIGFBB97CB,水源段,.63,都市：住,10000,135,持分移轉,03120009
RPTNMLQLMHIGFBB97CB,水源段,.15,都市：住,10000,135,持分移轉,03110009
RPTNMLQLMHIGFBB97CB,水源段,2.01,都市：住,10000,135,持分移轉,03080000
RPOOMLMJNHIGFBB17DB,文北段,23.72,都市：住,100000,354,持分移轉,01170000
RPVOMLMJNHIGFBB87DB,仁平段,4.30,都市：住,100000,558,持分移轉,03580000
RPVOMLMJNHIGFBB87DB,仁平段,4.67,都市：住,100000,558,持分移轉,03590000
RPVOMLMJNHIGFBB87DB,仁平段,3.12,都市：住,100000,558,持分移轉,03600000
RPVOMLMJNHIGFBB87DB,仁平段,1.61,都市：住,100000,558,持分移轉,03610000
RPVOMLMJNHIGFBB87DB,仁平段,1.19,都市：住,100000,558,持分移轉,03620000
RPVOMLMJNHIGFBB87DB,平田段,1.87,都市：住,100000,558,持分移轉,09530007
RPVOMLMJNHIGFBB87DB,平田段,4.96,都市：住,100000,558,持分移轉,09530000
RPVOMLMJNHIGFBB87DB,平田段,.17,都市：住,100000,558,持分移轉,09580010
RPVOMLMJNHIGFBB87DB,平田段,.12,都市：住,100000,558,持分移轉,09580011
RPVOMLMJNHIGFBB87DB,平田段,.06,都市：住,100000,558,持分移轉,09580012
RPVOMLMJNHIGFBB87DB,平田段,.01,都市：住,100000,558,持分移轉,09580013
RPQNMLMJNHIGFDB37CB,福陽段,38.73,都市：住,1,1,全筆移轉,00690022
RPQNMLMJNHIGFDB37CB,福陽段,19.62,都市：住,1000000,99978,持分移轉,00690000
RPQNMLMJNHIGFDB37CB,福陽段,1.48,都市：住,1000000,99978,持分移轉,00690024
RPQNMLMJNHIGFDB37CB,福陽段,1.74,都市：住,1000000,99978,持分移轉,00690025
RPQNMLMJNHIGFDB37CB,福陽段,1.83,都市：住,1000000,99978,持分移轉,00690027
RPQNMLMJNHIGFDB37CB,福陽段,1.66,都市：住,1000000,99978,持分移轉,00690028
RPRNMLMJNHIGFDB47CB,鳳山段,30.09,非都市：鄉村區 ; 非都市編定：乙種建築用地,170890,3009,持分移轉,01510000
RPSNMLMJNHIGFDB57CB,中陽段,27.41,都市：住,100000,858,持分移轉,03510000
RPSNMLMJNHIGFDB57CB,中陽段,.02,都市：住,100000,858,持分移轉,03510001
RPPNMLMJNHIGFIB77CB,大忠段,27.46,都市：住,100000,2623,持分移轉,02020000
RPQNMLMJNHIGFIB87CB,大忠段,27.46,都市：住,100000,2623,持分移轉,02020000
RPRNMLMJNHIGFIB97CB,大忠段,27.46,都市：住,100000,2623,持分移轉,02020000
RPSNMLMJNHIGFIB08CB,大里段,10.05,非都市：特定農業區 ; 非都市編定：甲種建築用地,10000,236,持分移轉,09580035
RPPNMLMJNHIGFCB17CB,協仁段,66.78,都市：住,1,1,全筆移轉,01760004
RPPNMLMJNHIGFCB17CB,協仁段,41.14,都市：住,8,1,持分移轉,01760000
RPRNMLMJNHIGFCB37CB,豐富段,17.40,都市：商,100000,876,持分移轉,04330000
RPTNMLMJNHIGFCB57CB,豐富段,15.35,都市：商,100000,773,持分移轉,04330000
RPQNMLMJNHIGFCB27CB,豐富段,15.65,都市：商,100000,788,持分移轉,04330000
RPSNMLMJNHIGFCB47CB,豐富段,13.70,都市：商,100000,690,持分移轉,04330000
RPUNMLMJNHIGFCB67CB,西屯段,25.62,都市：住,10000,102,持分移轉,22590000
RPWNMLMJNHIGFCB87CB,民安段,32.29,都市：住,100000,1050,持分移轉,18900000
RPVNMLMJNHIGFCB77CB,惠順段,15.90,都市：商,100000,588,持分移轉,00080000
RPXNMLMJNHIGFCB97CB,民安段,32.04,都市：住,100000,1042,持分移轉,18900000
RPOOMLMJNHIGFCB17CB,民安段,33.67,都市：住,100000,1095,持分移轉,18900000
RPPOMLMJNHIGFCB27CB,民安段,31.49,都市：住,100000,1024,持分移轉,18900000
RPQOMLMJNHIGFCB37CB,民安段,32.13,都市：住,100000,1045,持分移轉,18900000
RPROMLMJNHIGFCB47CB,民安段,31.49,都市：住,100000,1024,持分移轉,18900000
RPTOMLMJNHIGFCB67CB,民安段,34.96,都市：住,100000,1137,持分移轉,18900000
RPUOMLMJNHIGFCB77CB,民安段,33.79,都市：住,100000,1099,持分移轉,18900000
RPVOMLMJNHIGFCB87CB,民安段,32.13,都市：住,100000,1045,持分移轉,18900000
RPQPMLMJNHIGFCB47CB,豐富段,21.27,都市：商,100000,1071,持分移轉,04330000
RPPPMLMJNHIGFCB37CB,豐富段,21.78,都市：商,100000,1097,持分移轉,04330000
RPRPMLMJNHIGFCB57CB,豐富段,15.31,都市：商,100000,771,持分移轉,04330000
RPSPMLMJNHIGFCB67CB,豐富段,20.81,都市：商,100000,1048,持分移轉,04330000
RPSOMLMJNHIGFCB57CB,民安段,34.59,都市：住,100000,1125,持分移轉,18900000
RPTPMLMJNHIGFCB77CB,豐富段,18.67,都市：商,100000,940,持分移轉,04330000
RPQNMLNJNHIGFCB37CB,西屯段,25.62,都市：住,10000,102,持分移轉,22590000
RPPNMLNJNHIGFCB27CB,惠國段,14.44,都市：其他:第三種新市政中心專用區,100000,493,持分移轉,00810000
RPPNMLNJNHIGFCB27CB,惠國段,9.10,都市：其他:第三種新市政中心專用區,100000,493,持分移轉,00820000
RPRNMLNJNHIGFCB47CB,西屯段,25.62,都市：住,10000,102,持分移轉,22590000
RPTNMLNJNHIGFCB67CB,田心段,22.84,都市：住,1000000,5097,持分移轉,14800000
RPVNMLNJNHIGFCB87CB,田心段,25.80,都市：住,1000000,5757,持分移轉,14800000
RPUNMLNJNHIGFCB77CB,田心段,18.90,都市：住,1000000,4216,持分移轉,14800000
RPWNMLNJNHIGFCB97CB,田心段,19.06,都市：住,1000000,4253,持分移轉,14800000
RPXNMLNJNHIGFCB08CB,田心段,22.84,都市：住,1000000,5097,持分移轉,14800000
RPOOMLNJNHIGFCB27CB,田心段,30.54,都市：住,1000000,6815,持分移轉,14800000
RPPOMLNJNHIGFCB37CB,田心段,23.05,都市：住,1000000,5143,持分移轉,14800000
RPQOMLNJNHIGFCB47CB,田心段,23.18,都市：住,1000000,5172,持分移轉,14800000
RPSOMLNJNHIGFCB67CB,田心段,30.54,都市：住,1000000,6815,持分移轉,14800000
RPROMLNJNHIGFCB57CB,田心段,30.54,都市：住,1000000,6815,持分移轉,14800000
RPVOMLNJNHIGFCB97CB,台安段,99.48,都市：農,1,1,全筆移轉,02120158
RPVOMLNJNHIGFCB97CB,台安段,42.92,都市：農,77,1,持分移轉,02120000
RPTPMLNJNHIGFCB87CB,文商段,7.02,都市：商,100000,374,持分移轉,00190000
RPTPMLNJNHIGFCB87CB,文商段,7.02,都市：商,100000,374,持分移轉,00200000
RPTOMLNJNHIGFCB77CB,田心段,23.18,都市：住,1000000,5172,持分移轉,14800000
RPSPMLNJNHIGFCB77CB,文商段,7.70,都市：商,100000,410,持分移轉,00190000
RPSPMLNJNHIGFCB77CB,文商段,7.69,都市：商,100000,410,持分移轉,00200000
RPUOMLNJNHIGFCB87CB,田心段,19.06,都市：住,1000000,4253,持分移轉,14800000
RPVPMLNJNHIGFCB08CB,文商段,7.02,都市：商,100000,374,持分移轉,00190000
RPVPMLNJNHIGFCB08CB,文商段,7.02,都市：商,100000,374,持分移轉,00200000
RPUPMLNJNHIGFCB97CB,文商段,7.60,都市：商,100000,405,持分移轉,00190000
RPUPMLNJNHIGFCB97CB,文商段,7.60,都市：商,100000,405,持分移轉,00200000
RPOQMLNJNHIGFCB47CB,文商段,7.02,都市：商,100000,374,持分移轉,00190000
RPOQMLNJNHIGFCB47CB,文商段,7.02,都市：商,100000,374,持分移轉,00200000
RPXPMLNJNHIGFCB28CB,文商段,7.02,都市：商,100000,374,持分移轉,00190000
RPXPMLNJNHIGFCB28CB,文商段,7.02,都市：商,100000,374,持分移轉,00200000
RPPQMLNJNHIGFCB57CB,文商段,7.02,都市：商,100000,374,持分移轉,00190000
RPPQMLNJNHIGFCB57CB,文商段,7.02,都市：商,100000,374,持分移轉,00200000
RPPNMLNJNHIGFIB87CB,北新段,11.44,都市：住,10000,18,持分移轉,10540000
RPWPMLNJNHIGFCB18CB,文商段,7.02,都市：商,100000,374,持分移轉,00190000
RPWPMLNJNHIGFCB18CB,文商段,7.02,都市：商,100000,374,持分移轉,00200000
RPRNMLNJNHIGFIB08CB,北新段,23.51,都市：住,10000,37,持分移轉,10540000
RPQNMLNJNHIGFIB97CB,北新段,11.44,都市：住,10000,18,持分移轉,10540000
RPSNMLNJNHIGFIB18CB,五張犁西段,89.04,都市：農,1,1,全筆移轉,09800096
RPSNMLNJNHIGFIB18CB,五張犁西段,1.16,都市：農,100000,1235,持分移轉,09800101
RPSNMLNJNHIGFIB18CB,五張犁西段,25.14,都市：農,100000,1698,持分移轉,09800106
RPSNMLNJNHIGFIB18CB,五張犁西段,3.17,都市：農,100000,1235,持分移轉,09800108
RPTNMLNJNHIGFIB28CB,五張犁西段,79.38,都市：農,1,1,全筆移轉,09800016
RPTNMLNJNHIGFIB28CB,五張犁西段,1.03,都市：農,100000,1101,持分移轉,09800101
RPTNMLNJNHIGFIB28CB,五張犁西段,27.04,都市：農,100000,5376,持分移轉,09800107
RPTNMLNJNHIGFIB28CB,五張犁西段,2.82,都市：農,100000,1101,持分移轉,09800108
RPPNMLNJNHIGFDB37CB,豐田段,19.51,都市：住,100000,277,持分移轉,01110000
RPVNMLNJNHIGFIB48CB,五張犁西段,78.83,都市：農,1,1,全筆移轉,09800069
RPVNMLNJNHIGFIB48CB,五張犁西段,1.02,都市：農,100000,1092,持分移轉,09800101
RPVNMLNJNHIGFIB48CB,五張犁西段,22.25,都市：農,100000,1503,持分移轉,09800106
RPVNMLNJNHIGFIB48CB,五張犁西段,2.80,都市：農,100000,1092,持分移轉,09800108
RPUNMLNJNHIGFIB38CB,五張犁西段,65.55,都市：農,1,1,全筆移轉,09800006
RPRNMLNJNHIGFDB57CB,豐田段,17.75,都市：住,100000,252,持分移轉,01110000
RPUNMLNJNHIGFIB38CB,五張犁西段,.85,都市：農,100000,909,持分移轉,09800101
RPUNMLNJNHIGFIB38CB,五張犁西段,11.17,都市：農,100000,2220,持分移轉,09800107
RPQNMLNJNHIGFDB47CB,豐田段,26.20,都市：住,100000,372,持分移轉,01110000
RPUNMLNJNHIGFIB38CB,五張犁西段,2.33,都市：農,100000,909,持分移轉,09800108
RPUNMLNJNHIGFDB87CB,四月段,23.69,非都市：特定農業區 ; 非都市編定：甲種建築用地,100000,934,持分移轉,00480000
RPVNMLNJNHIGFDB97CB,神圳段,23.05,都市：住,100000,1620,持分移轉,06430000
RPPNMLNJNHIGFJB97CB,育賢段,21.69,都市：住,10000,37,持分移轉,02100001
RPSNMLNJNHIGFDB67CB,神圳段,77.60,都市：住,1,1,全筆移轉,06710014
RPPNMLNJNHIGFKB08CB,永順段,19.28,非都市：鄉村區 ; 非都市編定：乙種建築用地,100000,4893,持分移轉,06750000
RPPNMLNJNHIGFKB08CB,永順段,1.62,非都市：鄉村區 ; 非都市編定：乙種建築用地,84600,68,持分移轉,06760000
RPQNMLNJNHIGFKB18CB,中社段,33.15,都市：住,542499,3315,持分移轉,07000000
RPSNMLNJNHIGFKB38CB,龍新段,41.49,都市：住,100000,986,持分移轉,00860000
RPTNMLNJNHIGFKB48CB,龍新段,37.45,都市：住,100000,890,持分移轉,00860000
RPQNMLNJNHIGFBB27CB,仁平段,36.25,都市：住,10000,87,持分移轉,01320000
RPPNMLNJNHIGFBB17CB,美和段,6.07,都市：住,100000,1106,持分移轉,03070000
RPPNMLNJNHIGFBB17CB,美和段,7.28,都市：住,100000,1106,持分移轉,03080000
RPPNMLNJNHIGFBB17CB,美和段,4.72,都市：住,100000,1106,持分移轉,03090000
RPPNMLNJNHIGFBB17CB,美和段,4.94,都市：住,100000,1106,持分移轉,03100000
RPPNMLNJNHIGFBB17CB,美和段,3.96,都市：住,100000,1106,持分移轉,03110000
RPPNMLNJNHIGFBB17CB,美和段,4.02,都市：住,100000,1106,持分移轉,03120000
RPPNMLNJNHIGFBB17CB,美和段,3.43,都市：住,100000,1106,持分移轉,03160000
RPPNMLNJNHIGFBB17CB,美和段,3.57,都市：住,100000,1106,持分移轉,03170000
RPPNMLNJNHIGFBB17CB,美和段,2.53,都市：住,100000,1106,持分移轉,03180000
RPPNMLNJNHIGFBB17CB,美和段,2.82,都市：住,100000,1106,持分移轉,03190000
RPPNMLNJNHIGFBB17CB,美和段,4.78,都市：住,100000,1106,持分移轉,03200000
RPSNMLNJNHIGFBB47CB,仁和段,.01,都市：商,10000,28,持分移轉,05130000
RPSNMLNJNHIGFBB47CB,仁和段,.01,都市：商,10000,28,持分移轉,05140000
RPSNMLNJNHIGFBB47CB,仁和段,2.10,都市：商,10000,28,持分移轉,05150000
RPSNMLNJNHIGFBB47CB,仁和段,.04,都市：商,10000,28,持分移轉,05160000
RPSNMLNJNHIGFBB47CB,仁和段,.43,都市：商,10000,28,持分移轉,05170000
RPSNMLNJNHIGFBB47CB,仁和段,.12,都市：商,10000,28,持分移轉,05180000
RPSNMLNJNHIGFBB47CB,仁和段,.03,都市：商,10000,28,持分移轉,05190000
RPSNMLNJNHIGFBB47CB,仁和段,.27,都市：商,10000,28,持分移轉,05200000
RPSNMLNJNHIGFBB47CB,仁和段,.39,都市：商,10000,28,持分移轉,05210000
RPSNMLNJNHIGFBB47CB,仁和段,.34,都市：商,10000,28,持分移轉,05220000
RPSNMLNJNHIGFBB47CB,仁和段,.04,都市：商,10000,28,持分移轉,05220001
RPSNMLNJNHIGFBB47CB,仁和段,6.12,都市：商,10000,28,持分移轉,05240000
RPSNMLNJNHIGFBB47CB,仁和段,2.54,都市：商,10000,28,持分移轉,05260000
RPSNMLNJNHIGFBB47CB,仁和段,1.12,都市：商,10000,28,持分移轉,05270001
RPSNMLNJNHIGFBB47CB,仁和段,2.56,都市：商,10000,28,持分移轉,05280000
RPUNMLNJNHIGFBB67CB,仁和段,.01,都市：商,10000,39,持分移轉,05130000
RPUNMLNJNHIGFBB67CB,仁和段,.02,都市：商,10000,39,持分移轉,05140000
RPUNMLNJNHIGFBB67CB,仁和段,2.92,都市：商,10000,39,持分移轉,05150000
RPUNMLNJNHIGFBB67CB,仁和段,.06,都市：商,10000,39,持分移轉,05160000
RPUNMLNJNHIGFBB67CB,仁和段,.60,都市：商,10000,39,持分移轉,05170000
RPUNMLNJNHIGFBB67CB,仁和段,.17,都市：商,10000,39,持分移轉,05180000
RPUNMLNJNHIGFBB67CB,仁和段,.05,都市：商,10000,39,持分移轉,05190000
RPUNMLNJNHIGFBB67CB,仁和段,.37,都市：商,10000,39,持分移轉,05200000
RPUNMLNJNHIGFBB67CB,仁和段,.55,都市：商,10000,39,持分移轉,05210000
RPUNMLNJNHIGFBB67CB,仁和段,.47,都市：商,10000,39,持分移轉,05220000
RPUNMLNJNHIGFBB67CB,仁和段,.06,都市：商,10000,39,持分移轉,05220001
RPUNMLNJNHIGFBB67CB,仁和段,8.53,都市：商,10000,39,持分移轉,05240000
RPUNMLNJNHIGFBB67CB,仁和段,3.54,都市：商,10000,39,持分移轉,05260000
RPUNMLNJNHIGFBB67CB,仁和段,1.56,都市：商,10000,39,持分移轉,05270001
RPUNMLNJNHIGFBB67CB,仁和段,3.56,都市：商,10000,39,持分移轉,05280000
RPTNMLNJNHIGFBB57CB,仁和段,.01,都市：商,10000,28,持分移轉,05130000
RPTNMLNJNHIGFBB57CB,仁和段,.01,都市：商,10000,28,持分移轉,05140000
RPTNMLNJNHIGFBB57CB,仁和段,2.10,都市：商,10000,28,持分移轉,05150000
RPTNMLNJNHIGFBB57CB,仁和段,.04,都市：商,10000,28,持分移轉,05160000
RPTNMLNJNHIGFBB57CB,仁和段,.43,都市：商,10000,28,持分移轉,05170000
RPTNMLNJNHIGFBB57CB,仁和段,.12,都市：商,10000,28,持分移轉,05180000
RPTNMLNJNHIGFBB57CB,仁和段,.03,都市：商,10000,28,持分移轉,05190000
RPTNMLNJNHIGFBB57CB,仁和段,.27,都市：商,10000,28,持分移轉,05200000
RPTNMLNJNHIGFBB57CB,仁和段,.39,都市：商,10000,28,持分移轉,05210000
RPTNMLNJNHIGFBB57CB,仁和段,.34,都市：商,10000,28,持分移轉,05220000
RPTNMLNJNHIGFBB57CB,仁和段,.04,都市：商,10000,28,持分移轉,05220001
RPTNMLNJNHIGFBB57CB,仁和段,6.12,都市：商,10000,28,持分移轉,05240000
RPTNMLNJNHIGFBB57CB,仁和段,2.54,都市：商,10000,28,持分移轉,05260000
RPXNMLNJNHIGFBB97CB,洲際段,52.01,都市：住,100000,2437,持分移轉,10540000
RPTNMLNJNHIGFBB57CB,仁和段,1.12,都市：商,10000,28,持分移轉,05270001
RPTNMLNJNHIGFBB57CB,仁和段,2.56,都市：商,10000,28,持分移轉,05280000
RPVNMLNJNHIGFBB77CB,仁和段,.01,都市：商,10000,38,持分移轉,05130000
RPVNMLNJNHIGFBB77CB,仁和段,.02,都市：商,10000,38,持分移轉,05140000
RPVNMLNJNHIGFBB77CB,仁和段,2.85,都市：商,10000,38,持分移轉,05150000
RPVNMLNJNHIGFBB77CB,仁和段,.06,都市：商,10000,38,持分移轉,05160000
RPVNMLNJNHIGFBB77CB,仁和段,.59,都市：商,10000,38,持分移轉,05170000
RPVNMLNJNHIGFBB77CB,仁和段,.17,都市：商,10000,38,持分移轉,05180000
RPVNMLNJNHIGFBB77CB,仁和段,.05,都市：商,10000,38,持分移轉,05190000
RPVNMLNJNHIGFBB77CB,仁和段,.36,都市：商,10000,38,持分移轉,05200000
RPVNMLNJNHIGFBB77CB,仁和段,.53,都市：商,10000,38,持分移轉,05210000
RPVNMLNJNHIGFBB77CB,仁和段,.46,都市：商,10000,38,持分移轉,05220000
RPVNMLNJNHIGFBB77CB,仁和段,.06,都市：商,10000,38,持分移轉,05220001
RPVNMLNJNHIGFBB77CB,仁和段,8.31,都市：商,10000,38,持分移轉,05240000
RPVNMLNJNHIGFBB77CB,仁和段,3.45,都市：商,10000,38,持分移轉,05260000
RPVNMLNJNHIGFBB77CB,仁和段,1.52,都市：商,10000,38,持分移轉,05270001
RPVNMLNJNHIGFBB77CB,仁和段,3.47,都市：商,10000,38,持分移轉,05280000
RPPNMLNJNHIGFAB07CB,平民段三小段,13.69,都市：住,10000,159,持分移轉,00090000
RPPNMLNJNHIGFAB07CB,平民段三小段,1.27,都市：住,10000,159,持分移轉,00090024
RPPNMLNJNHIGFAB07CB,平民段三小段,.33,都市：住,10000,159,持分移轉,00090032
RPPNMLNJNHIGFAB07CB,平民段三小段,.22,都市：住,10000,159,持分移轉,00090033
RPRNMLNJNHIGFAB27CB,平民段三小段,13.69,都市：住,10000,159,持分移轉,00090000
RPRNMLNJNHIGFAB27CB,平民段三小段,1.27,都市：住,10000,159,持分移轉,00090024
RPRNMLNJNHIGFAB27CB,平民段三小段,.33,都市：住,10000,159,持分移轉,00090032
RPRNMLNJNHIGFAB27CB,平民段三小段,.22,都市：住,10000,159,持分移轉,00090033
RPQNMLNJNHIGFAB17CB,平民段三小段,17.05,都市：住,10000,198,持分移轉,00090000
RPQNMLNJNHIGFAB17CB,平民段三小段,1.58,都市：住,10000,198,持分移轉,00090024
RPQNMLNJNHIGFAB17CB,平民段三小段,.42,都市：住,10000,198,持分移轉,00090032
RPQNMLNJNHIGFAB17CB,平民段三小段,.28,都市：住,10000,198,持分移轉,00090033
RPTNMLNJNHIGFAB47CB,平民段三小段,16.45,都市：住,10000,191,持分移轉,00090000
RPTNMLNJNHIGFAB47CB,平民段三小段,1.53,都市：住,10000,191,持分移轉,00090024
RPTNMLNJNHIGFAB47CB,平民段三小段,.40,都市：住,10000,191,持分移轉,00090032
RPTNMLNJNHIGFAB47CB,平民段三小段,.27,都市：住,10000,191,持分移轉,00090033
RPUNMLNJNHIGFAB57CB,下橋子頭段,16.72,都市：住,10000,83,持分移轉,01910011
RPPNMLNJNHIGFFB57CB,保成段,1.04,都市：住,100000,348,持分移轉,04580000
RPPNMLNJNHIGFFB57CB,保成段,5.86,都市：住,100000,348,持分移轉,04600000
RPPNMLNJNHIGFFB57CB,保成段,1.94,都市：住,100000,348,持分移轉,04610000
RPPNMLNJNHIGFFB57CB,保成段,1.99,都市：住,100000,348,持分移轉,04620000
RPPNMLNJNHIGFFB57CB,保成段,2.49,都市：住,100000,348,持分移轉,04630000
RPPNMLNJNHIGFFB57CB,保成段,6.33,都市：住,100000,348,持分移轉,04640000
RPPNMLNJNHIGFFB57CB,保成段,.48,都市：住,100000,348,持分移轉,04650000
RPPNMLNJNHIGFFB57CB,保成段,2.27,都市：住,100000,348,持分移轉,04820000
RPSNMLNJNHIGFFB87CB,保成段,1.01,都市：住,100000,339,持分移轉,04580000
RPSNMLNJNHIGFFB87CB,保成段,5.70,都市：住,100000,339,持分移轉,04600000
RPSNMLNJNHIGFFB87CB,保成段,1.89,都市：住,100000,339,持分移轉,04610000
RPSNMLNJNHIGFFB87CB,保成段,1.93,都市：住,100000,339,持分移轉,04620000
RPSNMLNJNHIGFFB87CB,保成段,2.42,都市：住,100000,339,持分移轉,04630000
RPSNMLNJNHIGFFB87CB,保成段,6.17,都市：住,100000,339,持分移轉,04640000
RPSNMLNJNHIGFFB87CB,保成段,.46,都市：住,100000,339,持分移轉,04650000
RPSNMLNJNHIGFFB87CB,保成段,2.21,都市：住,100000,339,持分移轉,04820000
RPTNMLNJNHIGFFB97CB,保成段,1.31,都市：住,100000,440,持分移轉,04580000
RPTNMLNJNHIGFFB97CB,保成段,7.40,都市：住,100000,440,持分移轉,04600000
RPTNMLNJNHIGFFB97CB,保成段,2.46,都市：住,100000,440,持分移轉,04610000
RPTNMLNJNHIGFFB97CB,保成段,2.51,都市：住,100000,440,持分移轉,04620000
RPTNMLNJNHIGFFB97CB,保成段,3.14,都市：住,100000,440,持分移轉,04630000
RPTNMLNJNHIGFFB97CB,保成段,8.00,都市：住,100000,440,持分移轉,04640000
RPTNMLNJNHIGFFB97CB,保成段,.60,都市：住,100000,440,持分移轉,04650000
RPTNMLNJNHIGFFB97CB,保成段,2.86,都市：住,100000,440,持分移轉,04820000
RPRNMLNJNHIGFFB77CB,南勢段,92.60,都市：住,1,1,全筆移轉,11120004
RPRNMLNJNHIGFFB77CB,南勢段,.66,都市：住,2490000,9000,持分移轉,10470000
RPRNMLNJNHIGFFB77CB,南勢段,18.12,都市：其他:保護區,8621000,24565,持分移轉,09930000
RPRNMLNJNHIGFFB77CB,南勢段,4.00,都市：住,145510,400,持分移轉,09420000
RPUNMLNJNHIGFFB08CB,保成段,1.66,都市：住,100000,555,持分移轉,04580000
RPUNMLNJNHIGFFB08CB,保成段,9.34,都市：住,100000,555,持分移轉,04600000
RPUNMLNJNHIGFFB08CB,保成段,3.10,都市：住,100000,555,持分移轉,04610000
RPUNMLNJNHIGFFB08CB,保成段,3.17,都市：住,100000,555,持分移轉,04620000
RPUNMLNJNHIGFFB08CB,保成段,3.96,都市：住,100000,555,持分移轉,04630000
RPUNMLNJNHIGFFB08CB,保成段,10.09,都市：住,100000,555,持分移轉,04640000
RPUNMLNJNHIGFFB08CB,保成段,.76,都市：住,100000,555,持分移轉,04650000
RPUNMLNJNHIGFFB08CB,保成段,3.61,都市：住,100000,555,持分移轉,04820000
RPWNMLNJNHIGFFB28CB,保成段,1.33,都市：住,100000,444,持分移轉,04580000
RPWNMLNJNHIGFFB28CB,保成段,7.47,都市：住,100000,444,持分移轉,04600000
RPVNMLNJNHIGFFB18CB,南簡段,80.69,都市：住,1,1,全筆移轉,08130013
RPWNMLNJNHIGFFB28CB,保成段,2.48,都市：住,100000,444,持分移轉,04610000
RPVNMLNJNHIGFFB18CB,南簡段,.14,都市：住,7,1,持分移轉,08130024
RPWNMLNJNHIGFFB28CB,保成段,2.53,都市：住,100000,444,持分移轉,04620000
RPWNMLNJNHIGFFB28CB,保成段,3.17,都市：住,100000,444,持分移轉,04630000
RPWNMLNJNHIGFFB28CB,保成段,8.08,都市：住,100000,444,持分移轉,04640000
RPWNMLNJNHIGFFB28CB,保成段,.61,都市：住,100000,444,持分移轉,04650000
RPWNMLNJNHIGFFB28CB,保成段,2.89,都市：住,100000,444,持分移轉,04820000
RPQNMLNJNHIGFFB67CB,保成段,1.04,都市：住,100000,348,持分移轉,04580000
RPQNMLNJNHIGFFB67CB,保成段,5.86,都市：住,100000,348,持分移轉,04600000
RPQNMLNJNHIGFFB67CB,保成段,1.94,都市：住,100000,348,持分移轉,04610000
RPQNMLNJNHIGFFB67CB,保成段,1.99,都市：住,100000,348,持分移轉,04620000
RPQNMLNJNHIGFFB67CB,保成段,2.49,都市：住,100000,348,持分移轉,04630000
RPQNMLNJNHIGFFB67CB,保成段,6.33,都市：住,100000,348,持分移轉,04640000
RPQNMLNJNHIGFFB67CB,保成段,.48,都市：住,100000,348,持分移轉,04650000
RPQNMLNJNHIGFFB67CB,保成段,2.27,都市：住,100000,348,持分移轉,04820000
RPXNMLNJNHIGFFB38CB,南簡段,83.70,都市：住,1,1,全筆移轉,08130014
RPXNMLNJNHIGFFB38CB,南簡段,.14,都市：住,7,1,持分移轉,08130024
RPOOMLNJNHIGFFB57CB,保成段,1.33,都市：住,100000,444,持分移轉,04580000
RPOOMLNJNHIGFFB57CB,保成段,7.47,都市：住,100000,444,持分移轉,04600000
RPOOMLNJNHIGFFB57CB,保成段,2.48,都市：住,100000,444,持分移轉,04610000
RPOOMLNJNHIGFFB57CB,保成段,2.53,都市：住,100000,444,持分移轉,04620000
RPOOMLNJNHIGFFB57CB,保成段,3.17,都市：住,100000,444,持分移轉,04630000
RPOOMLNJNHIGFFB57CB,保成段,8.08,都市：住,100000,444,持分移轉,04640000
RPOOMLNJNHIGFFB57CB,保成段,.61,都市：住,100000,444,持分移轉,04650000
RPOOMLNJNHIGFFB57CB,保成段,2.89,都市：住,100000,444,持分移轉,04820000
RPROMLNJNHIGFFB87CB,市鎮南段,9.01,都市：商,10000,18,持分移轉,00740000
RPQOMLNJNHIGFFB77CB,市鎮南段,6.01,都市：商,10000,12,持分移轉,00740000
RPPOMLNJNHIGFFB67CB,市鎮南段,8.51,都市：商,10000,17,持分移轉,00740000
RPSOMLNJNHIGFFB97CB,市鎮南段,8.51,都市：商,10000,17,持分移轉,00740000
RPTOMLNJNHIGFFB08CB,保成段,1.33,都市：住,100000,444,持分移轉,04580000
RPTOMLNJNHIGFFB08CB,保成段,7.47,都市：住,100000,444,持分移轉,04600000
RPTOMLNJNHIGFFB08CB,保成段,2.48,都市：住,100000,444,持分移轉,04610000
RPTOMLNJNHIGFFB08CB,保成段,2.53,都市：住,100000,444,持分移轉,04620000
RPTOMLNJNHIGFFB08CB,保成段,3.17,都市：住,100000,444,持分移轉,04630000
RPTOMLNJNHIGFFB08CB,保成段,8.08,都市：住,100000,444,持分移轉,04640000
RPTOMLNJNHIGFFB08CB,保成段,.61,都市：住,100000,444,持分移轉,04650000
RPTOMLNJNHIGFFB08CB,保成段,2.89,都市：住,100000,444,持分移轉,04820000
RPPNMLOJNHIGFFB67CB,鹿峰東段,32.10,都市：住,100000,2374,持分移轉,12170000
RPQNMLOJNHIGFFB77CB,市鎮南段,6.73,都市：商,100000,30,持分移轉,00970000
RPRNMLOJNHIGFFB87CB,市鎮南段,6.50,都市：商,100000,29,持分移轉,00970000
RPSNMLOJNHIGFFB97CB,市鎮南段,6.50,都市：商,100000,29,持分移轉,00970000
RPUNMLOJNHIGFFB18CB,市鎮南段,6.50,都市：商,100000,29,持分移轉,00970000
RPTNMLOJNHIGFFB08CB,市鎮南段,7.62,都市：商,100000,34,持分移轉,00970000
RPVNMLOJNHIGFFB28CB,市鎮南段,6.73,都市：商,100000,30,持分移轉,00970000
RPPOMLOJNHIGFFB77CB,新站段,21.04,都市：住,10000,105,持分移轉,00410000
RPROMLOJNHIGFFB97CB,新站段,24.85,都市：住,10000,124,持分移轉,00410000
RPWNMLOJNHIGFFB38CB,市鎮南段,6.73,都市：商,100000,30,持分移轉,00970000
RPWOMLOJNHIGFFB48CB,市鎮北段,11.44,都市：商,10000,19,持分移轉,00450000
RPQOMLOJNHIGFFB87CB,新站段,24.85,都市：住,10000,124,持分移轉,00410000
RPPNMLOJNHIGFAB17CB,樹子腳段,12.53,都市：住,100000,196,持分移轉,06700000
RPPNMLOJNHIGFAB17CB,樹子腳段,12.80,都市：住,100000,196,持分移轉,06750000
RPQNMLOJNHIGFAB27CB,土庫段,5.81,都市：住,100000,1026,持分移轉,00670062
RPXNMLOJNHIGFFB48CB,市鎮南段,6.73,都市：商,100000,30,持分移轉,00970000
RPQNMLOJNHIGFAB27CB,土庫段,9.28,都市：商,100000,1026,持分移轉,00670148
RPSNMLOJNHIGFAB47CB,後壠子段,17.09,都市：住,10000,79,持分移轉,02200002
RPSNMLOJNHIGFAB47CB,後壠子段,1.11,都市：住,10000,79,持分移轉,02170008
RPRNMLOJNHIGFAB37CB,土庫段,5.81,都市：住,100000,1026,持分移轉,00670062
RPRNMLOJNHIGFAB37CB,土庫段,9.28,都市：商,100000,1026,持分移轉,00670148
RPUNMLOJNHIGFAB67CB,後壠子段,8.22,都市：住,10000,38,持分移轉,02200002
RPUNMLOJNHIGFAB67CB,後壠子段,.53,都市：住,10000,38,持分移轉,02170008
RPWNMLOJNHIGFAB87CB,後壠子段,11.90,都市：住,10000,55,持分移轉,02200002
RPWNMLOJNHIGFAB87CB,後壠子段,.77,都市：住,10000,55,持分移轉,02170008
RPVNMLOJNHIGFAB77CB,後壠子段,8.22,都市：住,10000,38,持分移轉,02200002
RPVNMLOJNHIGFAB77CB,後壠子段,.53,都市：住,10000,38,持分移轉,02170008
RPOOMLOJNHIGFAB17CB,後壠子段,8.22,都市：住,10000,38,持分移轉,02200002
RPXNMLOJNHIGFAB97CB,後壠子段,8.22,都市：住,10000,38,持分移轉,02200002
RPOOMLOJNHIGFAB17CB,後壠子段,.53,都市：住,10000,38,持分移轉,02170008
RPXNMLOJNHIGFAB97CB,後壠子段,.53,都市：住,10000,38,持分移轉,02170008
RPPOMLOJNHIGFAB27CB,後壠子段,8.22,都市：住,10000,38,持分移轉,02200002
RPPOMLOJNHIGFAB27CB,後壠子段,.53,都市：住,10000,38,持分移轉,02170008
RPQOMLOJNHIGFAB37CB,頂橋子頭段,14.33,都市：住,10000,34,持分移轉,03750004
RPQOMLOJNHIGFAB37CB,頂橋子頭段,2.35,都市：住,10000,34,持分移轉,03750012
RPQOMLOJNHIGFAB37CB,頂橋子頭段,1.33,都市：住,10000,34,持分移轉,03820000
RPSOMLOJNHIGFAB57CB,頂橋子頭段,15.17,都市：住,10000,36,持分移轉,03750004
RPSOMLOJNHIGFAB57CB,頂橋子頭段,2.48,都市：住,10000,36,持分移轉,03750012
RPSOMLOJNHIGFAB57CB,頂橋子頭段,1.40,都市：住,10000,36,持分移轉,03820000
RPROMLOJNHIGFAB47CB,頂橋子頭段,14.33,都市：住,10000,34,持分移轉,03750004
RPROMLOJNHIGFAB47CB,頂橋子頭段,2.35,都市：住,10000,34,持分移轉,03750012
RPTOMLOJNHIGFAB67CB,頂橋子頭段,15.17,都市：住,10000,36,持分移轉,03750004
RPROMLOJNHIGFAB47CB,頂橋子頭段,1.33,都市：住,10000,34,持分移轉,03820000
RPTOMLOJNHIGFAB67CB,頂橋子頭段,2.48,都市：住,10000,36,持分移轉,03750012
RPTOMLOJNHIGFAB67CB,頂橋子頭段,1.40,都市：住,10000,36,持分移轉,03820000
RPUOMLOJNHIGFAB77CB,頂橋子頭段,15.17,都市：住,10000,36,持分移轉,03750004
RPUOMLOJNHIGFAB77CB,頂橋子頭段,2.48,都市：住,10000,36,持分移轉,03750012
RPUOMLOJNHIGFAB77CB,頂橋子頭段,1.40,都市：住,10000,36,持分移轉,03820000
RPWOMLOJNHIGFAB97CB,頂橋子頭段,14.33,都市：住,10000,34,持分移轉,03750004
RPWOMLOJNHIGFAB97CB,頂橋子頭段,2.35,都市：住,10000,34,持分移轉,03750012
RPWOMLOJNHIGFAB97CB,頂橋子頭段,1.33,都市：住,10000,34,持分移轉,03820000
RPPNMLOJNHIGFBB27CB,環中段,51.03,都市：住,10000,126,持分移轉,03080000
RPXOMLOJNHIGFAB08CB,頂橋子頭段,15.17,都市：住,10000,36,持分移轉,03750004
RPVOMLOJNHIGFAB87CB,頂橋子頭段,14.33,都市：住,10000,34,持分移轉,03750004
RPVOMLOJNHIGFAB87CB,頂橋子頭段,2.35,都市：住,10000,34,持分移轉,03750012
RPPNMLOJNHIGFKB18CB,東海段,22.01,都市：住,100000,2105,持分移轉,00980045
RPXOMLOJNHIGFAB08CB,頂橋子頭段,2.48,都市：住,10000,36,持分移轉,03750012
RPVOMLOJNHIGFAB87CB,頂橋子頭段,1.33,都市：住,10000,34,持分移轉,03820000
RPXOMLOJNHIGFAB08CB,頂橋子頭段,1.40,都市：住,10000,36,持分移轉,03820000
RPQNMLOJNHIGFKB28CB,東海段,20.22,都市：住,100000,1934,持分移轉,00980045
RPRNMLOJNHIGFKB38CB,東海段,22.01,都市：住,100000,2105,持分移轉,00980045
RPSNMLOJNHIGFKB48CB,東海段,15.87,都市：住,100000,1518,持分移轉,00980045
RPTNMLOJNHIGFKB58CB,東海段,27.12,都市：住,100000,2593,持分移轉,00980045
RPUNMLOJNHIGFKB68CB,東海段,24.46,都市：住,100000,2339,持分移轉,00980045
RPVNMLOJNHIGFKB78CB,東海段,22.01,都市：住,100000,2105,持分移轉,00980045
RPPNMLOJNHIGFDB47CB,鳳山段,18.40,非都市：鄉村區 ; 非都市編定：乙種建築用地,170890,1840,持分移轉,01510000
RPPNMLOJNHIGFJB08CB,育賢段,21.44,都市：住,100000,2268,持分移轉,00770000
RPPNMLOJNHIGFGB77CB,東豐段,17.93,都市：住,100000,1056,持分移轉,00290000
RPPNMLOJNHIGFGB77CB,東豐段,6.48,都市：住,100000,1056,持分移轉,00350000
RPPNMLOJNHIGFGB77CB,東豐段,7.10,都市：住,100000,1056,持分移轉,00360000
RPPNMLOJNHIGFGB77CB,東豐段,3.81,都市：住,100000,1056,持分移轉,00370000
RPPNMLOJNHIGFIB97CB,山頂段,28.05,都市：住,1000000,6974,持分移轉,07050000
RPPNMLOJNHIGFIB97CB,山頂段,3.77,都市：住,1000000,6974,持分移轉,07190000
RPQNMLOJNHIGFJB18CB,育賢段,21.44,都市：住,100000,2268,持分移轉,00770000
RPRNMLOJNHIGFIB18CB,山頂段,28.05,都市：住,1000000,6974,持分移轉,07050000
RPSNMLOJNHIGFIB28CB,山頂段,29.83,都市：住,1000000,7416,持分移轉,07050000
RPRNMLOJNHIGFIB18CB,山頂段,3.77,都市：住,1000000,6974,持分移轉,07190000
RPQNMLOJNHIGFIB08CB,新高鐵段,14.61,都市：商,100000,482,持分移轉,00980000
RPQNMLOJNHIGFIB08CB,新高鐵段,10.86,都市：商,100000,482,持分移轉,00990000
RPSNMLOJNHIGFIB28CB,山頂段,4.01,都市：住,1000000,7416,持分移轉,07190000
RPTNMLOJNHIGFIB38CB,山頂段,29.57,都市：住,1000000,7353,持分移轉,07050000
RPTNMLOJNHIGFIB38CB,山頂段,3.97,都市：住,1000000,7353,持分移轉,07190000
RPPNMLOJNHIGFCB37CB,惠泰段,18.46,都市：住,100000,2699,持分移轉,00830000
RPQNMLOJNHIGFCB47CB,田心段,30.54,都市：住,1000000,6815,持分移轉,14800000
RPSNMLOJNHIGFCB67CB,田心段,18.85,都市：住,1000000,4205,持分移轉,14800000
RPUNMLOJNHIGFCB87CB,田心段,18.90,都市：住,1000000,4216,持分移轉,14800000
RPVNMLOJNHIGFCB97CB,惠來厝段,2.92,都市：住,100000,444,持分移轉,03050000
RPVNMLOJNHIGFCB97CB,惠來厝段,9.85,都市：住,100000,444,持分移轉,03110000
RPVNMLOJNHIGFCB97CB,惠來厝段,12.44,都市：住,100000,444,持分移轉,03140000
RPVNMLOJNHIGFCB97CB,惠來厝段,.53,都市：住,100000,444,持分移轉,03140003
RPWNMLOJNHIGFCB08CB,新富段,78.73,都市：住,10000,181,持分移轉,01710000
RPXNMLOJNHIGFCB18CB,惠來厝段,1.71,都市：住,100000,261,持分移轉,03050000
RPXNMLOJNHIGFCB18CB,惠來厝段,5.79,都市：住,100000,261,持分移轉,03110000
RPPOMLOJNHIGFCB47CB,豐富段,15.31,都市：商,100000,771,持分移轉,04330000
RPXNMLOJNHIGFCB18CB,惠來厝段,7.31,都市：住,100000,261,持分移轉,03140000
RPXNMLOJNHIGFCB18CB,惠來厝段,.31,都市：住,100000,261,持分移轉,03140003
RPOOMLOJNHIGFCB37CB,田心段,17.47,都市：住,1000000,3897,持分移轉,14800000
RPQOMLOJNHIGFCB57CB,豐富段,15.31,都市：商,100000,771,持分移轉,04330000
RPROMLOJNHIGFCB67CB,豐富段,15.31,都市：商,100000,771,持分移轉,04330000
RPSOMLOJNHIGFCB77CB,豐富段,15.31,都市：商,100000,771,持分移轉,04330000
RPTOMLOJNHIGFCB87CB,豐富段,20.81,都市：商,100000,1048,持分移轉,04330000
RPUOMLOJNHIGFCB97CB,豐富段,20.81,都市：商,100000,1048,持分移轉,04330000
RPWOMLOJNHIGFCB18CB,豐富段,18.67,都市：商,100000,940,持分移轉,04330000
RPVOMLOJNHIGFCB08CB,豐富段,20.81,都市：商,100000,1048,持分移轉,04330000
RPXOMLOJNHIGFCB28CB,豐富段,13.28,都市：商,100000,669,持分移轉,04330000
RPPPMLOJNHIGFCB57CB,豐富段,21.27,都市：商,100000,1071,持分移轉,04330000
RPOPMLOJNHIGFCB47CB,豐富段,21.78,都市：商,100000,1097,持分移轉,04330000
RPRPMLOJNHIGFCB77CB,豐富段,15.65,都市：商,100000,788,持分移轉,04330000
RPQPMLOJNHIGFCB67CB,豐富段,17.40,都市：商,100000,876,持分移轉,04330000
RPSPMLOJNHIGFCB87CB,田心段,19.25,都市：住,1000000,4294,持分移轉,14800000
RPPNMLPJNHIGFCB47CB,建功段,10.04,都市：住,100000,123,持分移轉,00040000
RPTPMLOJNHIGFCB97CB,南屯段,.84,都市：住,100000,1584,持分移轉,00630003
RPTPMLOJNHIGFCB97CB,南屯段,30.02,都市：住,100000,1584,持分移轉,00820000
RPQNMLPJNHIGFCB57CB,建功段,9.39,都市：住,100000,115,持分移轉,00040000
RPSNMLPJNHIGFCB77CB,建功段,10.04,都市：住,100000,123,持分移轉,00040000
RPPNMLPJNHIGFIB08CB,大里段,16.74,非都市：特定農業區 ; 非都市編定：甲種建築用地,10000,393,持分移轉,09580035
RPTNMLPJNHIGFCB87CB,建功段,11.27,都市：住,100000,138,持分移轉,00040000
RPQNMLPJNHIGFIB18CB,健民段,20.64,非都市：鄉村區 ; 非都市編定：乙種建築用地,100000,325,持分移轉,07560000
RPRNMLPJNHIGFIB28CB,健民段,20.45,非都市：鄉村區 ; 非都市編定：乙種建築用地,100000,322,持分移轉,07560000
RPPNMLPJNHIGFDB57CB,合作段,25.32,都市：住,100000,2134,持分移轉,03360000
RPPNMLPJNHIGFDB57CB,合作段,1.51,都市：商,100000,2134,持分移轉,03390000
RPPNMLPJNHIGFJB18CB,育賢段,16.86,都市：住,10000,24,持分移轉,02270000
RPQNMLPJNHIGFJB28CB,育賢段,16.86,都市：住,10000,24,持分移轉,02270000
RPPNMLPJNHIGFGB87CB,和興段,75.69,都市：住,1,1,全筆移轉,02560025
RPSNMLPJNHIGFIB38CB,健民段,30.04,非都市：鄉村區 ; 非都市編定：乙種建築用地,100000,473,持分移轉,07560000
RPPNMLPJNHIGFBB37CB,仁平段,85.77,都市：住,10000,483,持分移轉,00750000
RPQNMLPJNHIGFBB47CB,景美段,32.56,都市：住,10000,147,持分移轉,01070000
RPRNMLPJNHIGFBB57CB,倡和段,11.18,都市：商,100000,552,持分移轉,01820000
RPSNMLPJNHIGFBB67CB,倡和段,12.84,都市：商,100000,634,持分移轉,01820000
RPTNMLPJNHIGFBB77CB,軍福段,16.25,都市：商,100000,402,持分移轉,01460000
RPVNMLPJNHIGFBB97CB,溝背段,14.66,都市：住,100000,394,持分移轉,01430000
RPUNMLPJNHIGFBB87CB,溝背段,19.76,都市：住,100000,531,持分移轉,01430000
RPWNMLPJNHIGFBB08CB,敦和段,50.22,都市：住,100000,739,持分移轉,00610000
RPXNMLPJNHIGFBB18CB,敦和段,49.95,都市：住,100000,735,持分移轉,00610000
RPPNMLPJNHIGFHB97CB,自強段,2.25,非都市：特定農業區 ; 非都市編定：甲種建築用地,100000,1581,持分移轉,00310000
RPPNMLPJNHIGFHB97CB,自強段,16.84,非都市：特定農業區 ; 非都市編定：甲種建築用地,100000,1581,持分移轉,00320000
RPPNMLPJNHIGFHB97CB,自強段,2.98,非都市：特定農業區 ; 非都市編定：農牧用地,52,1,持分移轉,00400000
RPOOMLPJNHIGFBB37CB,敦和段,49.95,都市：住,100000,735,持分移轉,00610000
RPQNMLPJNHIGFFB87CB,市鎮北段,9.63,都市：商,10000,16,持分移轉,00450000
RPPNMLPJNHIGFAB27CB,樹子腳段,9.14,都市：商,100000,379,持分移轉,12110000
RPRNMLPJNHIGFFB97CB,市鎮北段,14.45,都市：商,10000,24,持分移轉,00450000
RPQNMLPJNHIGFAB37CB,樹子腳段,8.82,都市：商,100000,366,持分移轉,12110000
RPSNMLPJNHIGFFB08CB,市鎮北段,9.63,都市：商,10000,16,持分移轉,00450000
RPVNMLPJNHIGFFB38CB,市鎮北段,11.44,都市：商,10000,19,持分移轉,00450000
RPTNMLPJNHIGFFB18CB,市鎮北段,17.46,都市：商,10000,29,持分移轉,00450000
RPUNMLPJNHIGFFB28CB,市鎮北段,9.63,都市：商,10000,16,持分移轉,00450000
RPWNMLPJNHIGFFB48CB,市鎮北段,14.45,都市：商,10000,24,持分移轉,00450000
RPPOMLPJNHIGFFB87CB,市鎮北段,14.45,都市：商,10000,24,持分移轉,00450000
RPQOMLPJNHIGFFB97CB,市鎮北段,15.05,都市：商,10000,25,持分移轉,00450000
RPOOMLPJNHIGFFB77CB,市鎮北段,13.24,都市：商,10000,22,持分移轉,00450000
RPROMLPJNHIGFFB08CB,市鎮北段,15.05,都市：商,10000,25,持分移轉,00450000
RPSOMLPJNHIGFFB18CB,市鎮北段,11.44,都市：商,10000,19,持分移轉,00450000
RPXNMLPJNHIGFFB58CB,市鎮北段,15.05,都市：商,10000,25,持分移轉,00450000
RPTOMLPJNHIGFFB28CB,市鎮北段,9.63,都市：商,10000,16,持分移轉,00450000
RPVOMLPJNHIGFFB48CB,市鎮北段,11.44,都市：商,10000,19,持分移轉,00450000
RPUOMLPJNHIGFFB38CB,市鎮北段,9.63,都市：商,10000,16,持分移轉,00450000
RPWOMLPJNHIGFFB58CB,市鎮北段,13.84,都市：商,10000,23,持分移轉,00450000
RPSNMLQJNHIGFFB18CB,市鎮北段,14.45,都市：商,10000,24,持分移轉,00450000
RPQNMLQJNHIGFFB97CB,市鎮北段,9.63,都市：商,10000,16,持分移轉,00450000
RPPNMLQJNHIGFFB87CB,市鎮北段,14.45,都市：商,10000,24,持分移轉,00450000
RPTNMLQJNHIGFFB28CB,市鎮北段,14.45,都市：商,10000,24,持分移轉,00450000
RPUNMLQJNHIGFFB38CB,市鎮北段,11.44,都市：商,10000,19,持分移轉,00450000
RPVNMLQJNHIGFFB48CB,市鎮北段,12.64,都市：商,10000,21,持分移轉,00450000
RPXNMLQJNHIGFFB68CB,市鎮北段,13.24,都市：商,10000,22,持分移轉,00450000
RPWNMLQJNHIGFFB58CB,市鎮北段,15.05,都市：商,10000,25,持分移轉,00450000
RPOOMLQJNHIGFFB87CB,市鎮北段,9.63,都市：商,10000,16,持分移轉,00450000
RPPOMLQJNHIGFFB97CB,市鎮北段,9.63,都市：商,10000,16,持分移轉,00450000
RPSOMLQJNHIGFFB28CB,梧棲段,17.16,都市：商,10000,53,持分移轉,28400000
RPQOMLQJNHIGFFB08CB,市鎮北段,13.84,都市：商,10000,23,持分移轉,00450000
RPTOMLQJNHIGFFB38CB,梧棲段,15.87,都市：商,10000,49,持分移轉,28400000
RPQNMLQJNHIGFAB47CB,下橋子頭段,6.75,都市：住,100000,300,持分移轉,01940006
RPQNMLQJNHIGFAB47CB,下橋子頭段,13.19,都市：住,100000,300,持分移轉,01940007
RPPNMLQJNHIGFAB37CB,下橋子頭段,6.75,都市：住,100000,300,持分移轉,01940006
RPPNMLQJNHIGFAB37CB,下橋子頭段,13.19,都市：住,100000,300,持分移轉,01940007
RPSNMLQJNHIGFAB67CB,下橋子頭段,6.75,都市：住,100000,300,持分移轉,01940006
RPSNMLQJNHIGFAB67CB,下橋子頭段,13.19,都市：住,100000,300,持分移轉,01940007
RPTNMLQJNHIGFAB77CB,下橋子頭段,7.43,都市：住,100000,330,持分移轉,01940006
RPTNMLQJNHIGFAB77CB,下橋子頭段,14.51,都市：住,100000,330,持分移轉,01940007
RPRNMLQJNHIGFAB57CB,下橋子頭段,8.78,都市：住,100000,390,持分移轉,01940006
RPRNMLQJNHIGFAB57CB,下橋子頭段,17.15,都市：住,100000,390,持分移轉,01940007
RPUNMLQJNHIGFAB87CB,下橋子頭段,7.20,都市：住,100000,320,持分移轉,01940006
RPUNMLQJNHIGFAB87CB,下橋子頭段,14.07,都市：住,100000,320,持分移轉,01940007
RPPNMLQJNHIGFBB47CB,環中段,40.50,都市：住,10000,100,持分移轉,03080000
RPQNMLQJNHIGFGB08CB,新盛段,27.79,都市：住,100000,794,持分移轉,05480000
RPRNMLQJNHIGFGB18CB,新盛段,19.81,都市：住,100000,566,持分移轉,05480000
RPPNMLQJNHIGFGB97CB,新盛段,28.18,都市：住,100000,805,持分移轉,05480000
RPSNMLQJNHIGFGB28CB,新盛段,25.94,都市：住,100000,741,持分移轉,05480000
RPPNMLQJNHIGFBB57DB,青萍段,33.55,都市：住,100000,2656,持分移轉,06040000
RPPNMLQJNHIGFCB57CB,惠民段,11.46,都市：其他:第六種新市政中心專用區,100000,379,持分移轉,01150000
RPQNMLQJNHIGFCB67CB,惠民段,9.41,都市：其他:第六種新市政中心專用區,100000,311,持分移轉,01150000
RPPNMLRJNHIGFCB67CB,大墩段,16.65,都市：商,100000,608,持分移轉,03390000
RPSNMLQJNHIGFCB87CB,惠民段,9.41,都市：其他:第六種新市政中心專用區,100000,311,持分移轉,01150000
RPPNMLRJNHIGFJB38CB,福平段,13.86,都市：商,100000,584,持分移轉,08730000
RPQNMLRJNHIGFJB48CB,福平段,13.86,都市：商,100000,584,持分移轉,08730000
RPPNMLRJNHIGFIB28CB,大里段,20.23,非都市：特定農業區 ; 非都市編定：甲種建築用地,10000,475,持分移轉,09580035
RPRNMLRJNHIGFJB58CB,福平段,19.70,都市：商,100000,830,持分移轉,08730000
RPSNMLRJNHIGFJB68CB,福平段,13.31,都市：商,100000,561,持分移轉,08730000
RPPNMLRJNHIGFBB57CB,仁德段,17.74,都市：住,100000,995,持分移轉,09790000
RPPNMLRJNHIGFBB57CB,仁德段,.03,都市：住,100000,995,持分移轉,09790001
RPPNMLRJNHIGFBB57CB,仁德段,9.28,都市：住,100000,995,持分移轉,09810006
RPQNMLRJNHIGFBB67CB,仁德段,17.74,都市：住,100000,995,持分移轉,09790000
RPQNMLRJNHIGFBB67CB,仁德段,.03,都市：住,100000,995,持分移轉,09790001
RPQNMLRJNHIGFBB67CB,仁德段,9.28,都市：住,100000,995,持分移轉,09810006
RPRNMLRJNHIGFBB77CB,仁德段,22.71,都市：住,100000,1274,持分移轉,09790000
RPRNMLRJNHIGFBB77CB,仁德段,.04,都市：住,100000,1274,持分移轉,09790001
RPRNMLRJNHIGFBB77CB,仁德段,11.89,都市：住,100000,1274,持分移轉,09810006
RPSNMLRJNHIGFBB87CB,仁德段,22.82,都市：住,100000,1280,持分移轉,09790000
RPSNMLRJNHIGFBB87CB,仁德段,.04,都市：住,100000,1280,持分移轉,09790001
RPSNMLRJNHIGFBB87CB,仁德段,11.94,都市：住,100000,1280,持分移轉,09810006
RPQNMLRJNHIGFAB57CB,城隍段五小段,6.30,都市：商,100000,1203,持分移轉,00080014
RPQNMLRJNHIGFAB57CB,城隍段五小段,8.60,都市：商,100000,1203,持分移轉,00080015
RPQNMLRJNHIGFAB57CB,城隍段五小段,4.99,都市：商,100000,1203,持分移轉,00090003
RPQNMLRJNHIGFAB57CB,城隍段六小段,4.07,都市：商,100000,1203,持分移轉,00030000
RPQNMLRJNHIGFAB57CB,城隍段六小段,1.07,都市：商,100000,1203,持分移轉,00030002
RPQNMLRJNHIGFAB57CB,城隍段六小段,.57,都市：商,100000,1203,持分移轉,00040000
RPQNMLRJNHIGFAB57CB,城隍段六小段,.16,都市：住,100000,1203,持分移轉,00030010
RPPNMLRJNHIGFFB97CB,市鎮南段,10.75,都市：商,10000,24,持分移轉,01490000
RPPNMLRJNHIGFAB47CB,城隍段五小段,6.30,都市：商,100000,1203,持分移轉,00080014
RPPNMLRJNHIGFAB47CB,城隍段五小段,8.60,都市：商,100000,1203,持分移轉,00080015
RPPNMLRJNHIGFAB47CB,城隍段五小段,4.99,都市：商,100000,1203,持分移轉,00090003
RPPNMLRJNHIGFAB47CB,城隍段六小段,4.07,都市：商,100000,1203,持分移轉,00030000
RPPNMLRJNHIGFAB47CB,城隍段六小段,1.07,都市：商,100000,1203,持分移轉,00030002
RPPNMLRJNHIGFAB47CB,城隍段六小段,.57,都市：商,100000,1203,持分移轉,00040000
RPPNMLRJNHIGFAB47CB,城隍段六小段,.16,都市：住,100000,1203,持分移轉,00030010
RPRNMLSJNHIGFFB28CB,南簡段,19.18,都市：商,100000,922,持分移轉,09500002
RPQNMLSJNHIGFFB18CB,南簡段,12.98,都市：商,100000,624,持分移轉,09500002
RPQNMLRJNHIGFFB08CB,南簡段,105.00,都市：住,1,1,全筆移轉,05280014
RPPNMLSJNHIGFAB57CB,下橋子頭段,6.75,都市：住,100000,300,持分移轉,01940006
RPPNMLSJNHIGFAB57CB,下橋子頭段,13.19,都市：住,100000,300,持分移轉,01940007
RPQNMLSJNHIGFAB67CB,樹子腳段,9.91,都市：商,100000,411,持分移轉,12110000
RPRNMLSJNHIGFAB77CB,樹子腳段,9.91,都市：商,100000,411,持分移轉,12110000
RPSNMLSJNHIGFAB87CB,樹子腳段,13.31,都市：商,100000,552,持分移轉,12110000
RPSNMLSJNHIGFBB97CB,仁平段,4.30,都市：住,100000,558,持分移轉,03580000
RPSNMLSJNHIGFBB97CB,仁平段,4.67,都市：住,100000,558,持分移轉,03590000
RPSNMLSJNHIGFBB97CB,仁平段,3.12,都市：住,100000,558,持分移轉,03600000
RPSNMLSJNHIGFBB97CB,仁平段,1.61,都市：住,100000,558,持分移轉,03610000
RPSNMLSJNHIGFBB97CB,仁平段,1.19,都市：住,100000,558,持分移轉,03620000
RPSNMLSJNHIGFBB97CB,平田段,1.87,都市：住,100000,558,持分移轉,09530007
RPSNMLSJNHIGFBB97CB,平田段,4.96,都市：住,100000,558,持分移轉,09530000
RPSNMLSJNHIGFBB97CB,平田段,.17,都市：住,100000,558,持分移轉,09580010
RPSNMLSJNHIGFBB97CB,平田段,.12,都市：住,100000,558,持分移轉,09580011
RPSNMLSJNHIGFBB97CB,平田段,.06,都市：住,100000,558,持分移轉,09580012
RPSNMLSJNHIGFBB97CB,平田段,.01,都市：住,100000,558,持分移轉,09580013
RPPNMLSJNHIGFAB67DB,後壠子段,6.38,都市：商,10000,46,持分移轉,02370001
RPPNMLSJNHIGFAB67DB,後壠子段,.14,都市：商,10000,46,持分移轉,02350088
RPPNMLSJNHIGFAB67DB,後壠子段,.00,都市：商,10000,46,持分移轉,02370048
RPPNMLSJNHIGFAB67DB,後壠子段,.00,都市：商,10000,46,持分移轉,02350261
RPPNMLSJNHIGFAB67DB,後壠子段,.23,都市：商,10000,46,持分移轉,02380017
RPPNMLSJNHIGFAB67DB,後壠子段,.11,都市：商,10000,46,持分移轉,02350023
RPPNMLSJNHIGFAB67DB,後壠子段,12.19,都市：商,10000,46,持分移轉,02370002
RPPNMLSJNHIGFAB67DB,後壠子段,.12,都市：商,10000,46,持分移轉,02350215
RPPNMLSJNHIGFAB67DB,後壠子段,7.28,都市：商,10000,46,持分移轉,02390000
RPPNMLSJNHIGFAB67DB,後壠子段,7.00,都市：商,10000,46,持分移轉,02390022
RPUNMLSJNHIGFBB18CB,仁平段,4.30,都市：住,100000,558,持分移轉,03580000
RPUNMLSJNHIGFBB18CB,仁平段,4.67,都市：住,100000,558,持分移轉,03590000
RPUNMLSJNHIGFBB18CB,仁平段,3.12,都市：住,100000,558,持分移轉,03600000
RPUNMLSJNHIGFBB18CB,仁平段,1.61,都市：住,100000,558,持分移轉,03610000
RPUNMLSJNHIGFBB18CB,仁平段,1.19,都市：住,100000,558,持分移轉,03620000
RPUNMLSJNHIGFBB18CB,平田段,1.87,都市：住,100000,558,持分移轉,09530007
RPUNMLSJNHIGFBB18CB,平田段,4.96,都市：住,100000,558,持分移轉,09530000
RPUNMLSJNHIGFBB18CB,平田段,.17,都市：住,100000,558,持分移轉,09580010
RPUNMLSJNHIGFBB18CB,平田段,.12,都市：住,100000,558,持分移轉,09580011
RPUNMLSJNHIGFBB18CB,平田段,.06,都市：住,100000,558,持分移轉,09580012
RPUNMLSJNHIGFBB18CB,平田段,.01,都市：住,100000,558,持分移轉,09580013
RPWNMLSJNHIGFBB38CB,仁平段,4.30,都市：住,100000,558,持分移轉,03580000
RPWNMLSJNHIGFBB38CB,仁平段,4.67,都市：住,100000,558,持分移轉,03590000
RPWNMLSJNHIGFBB38CB,仁平段,3.12,都市：住,100000,558,持分移轉,03600000
RPWNMLSJNHIGFBB38CB,仁平段,1.61,都市：住,100000,558,持分移轉,03610000
RPWNMLSJNHIGFBB38CB,仁平段,1.19,都市：住,100000,558,持分移轉,03620000
RPWNMLSJNHIGFBB38CB,平田段,1.87,都市：住,100000,558,持分移轉,09530007
RPWNMLSJNHIGFBB38CB,平田段,4.96,都市：住,100000,558,持分移轉,09530000
RPWNMLSJNHIGFBB38CB,平田段,.17,都市：住,100000,558,持分移轉,09580010
RPWNMLSJNHIGFBB38CB,平田段,.12,都市：住,100000,558,持分移轉,09580011
RPWNMLSJNHIGFBB38CB,平田段,.06,都市：住,100000,558,持分移轉,09580012
RPWNMLSJNHIGFBB38CB,平田段,.01,都市：住,100000,558,持分移轉,09580013
RPVNMLSJNHIGFBB28CB,仁平段,6.37,都市：住,100000,827,持分移轉,03580000
RPVNMLSJNHIGFBB28CB,仁平段,6.93,都市：住,100000,827,持分移轉,03590000
RPVNMLSJNHIGFBB28CB,仁平段,4.63,都市：住,100000,827,持分移轉,03600000
RPVNMLSJNHIGFBB28CB,仁平段,2.39,都市：住,100000,827,持分移轉,03610000
RPVNMLSJNHIGFBB28CB,仁平段,1.76,都市：住,100000,827,持分移轉,03620000
RPVNMLSJNHIGFBB28CB,平田段,2.78,都市：住,100000,827,持分移轉,09530007
RPVNMLSJNHIGFBB28CB,平田段,7.35,都市：住,100000,827,持分移轉,09530000
RPVNMLSJNHIGFBB28CB,平田段,.25,都市：住,100000,827,持分移轉,09580010
RPVNMLSJNHIGFBB28CB,平田段,.17,都市：住,100000,827,持分移轉,09580011
RPVNMLSJNHIGFBB28CB,平田段,.09,都市：住,100000,827,持分移轉,09580012
RPVNMLSJNHIGFBB28CB,平田段,.02,都市：住,100000,827,持分移轉,09580013
RPOOMLSJNHIGFBB67CB,仁平段,4.30,都市：住,100000,558,持分移轉,03580000
RPOOMLSJNHIGFBB67CB,仁平段,4.67,都市：住,100000,558,持分移轉,03590000
RPOOMLSJNHIGFBB67CB,仁平段,3.12,都市：住,100000,558,持分移轉,03600000
RPOOMLSJNHIGFBB67CB,仁平段,1.61,都市：住,100000,558,持分移轉,03610000
RPOOMLSJNHIGFBB67CB,仁平段,1.19,都市：住,100000,558,持分移轉,03620000
RPOOMLSJNHIGFBB67CB,平田段,1.87,都市：住,100000,558,持分移轉,09530007
RPOOMLSJNHIGFBB67CB,平田段,4.96,都市：住,100000,558,持分移轉,09530000
RPOOMLSJNHIGFBB67CB,平田段,.17,都市：住,100000,558,持分移轉,09580010
RPOOMLSJNHIGFBB67CB,平田段,.12,都市：住,100000,558,持分移轉,09580011
RPOOMLSJNHIGFBB67CB,平田段,.06,都市：住,100000,558,持分移轉,09580012
RPXNMLSJNHIGFBB48CB,仁平段,5.78,都市：住,100000,750,持分移轉,03580000
RPOOMLSJNHIGFBB67CB,平田段,.01,都市：住,100000,558,持分移轉,09580013
RPXNMLSJNHIGFBB48CB,仁平段,6.28,都市：住,100000,750,持分移轉,03590000
RPXNMLSJNHIGFBB48CB,仁平段,4.20,都市：住,100000,750,持分移轉,03600000
RPPOMLSJNHIGFBB77CB,仁和段,.01,都市：商,10000,28,持分移轉,05130000
RPXNMLSJNHIGFBB48CB,仁平段,2.16,都市：住,100000,750,持分移轉,03610000
RPXNMLSJNHIGFBB48CB,仁平段,1.60,都市：住,100000,750,持分移轉,03620000
RPPOMLSJNHIGFBB77CB,仁和段,.01,都市：商,10000,28,持分移轉,05140000
RPXNMLSJNHIGFBB48CB,平田段,2.52,都市：住,100000,750,持分移轉,09530007
RPXNMLSJNHIGFBB48CB,平田段,6.67,都市：住,100000,750,持分移轉,09530000
RPPOMLSJNHIGFBB77CB,仁和段,2.10,都市：商,10000,28,持分移轉,05150000
RPXNMLSJNHIGFBB48CB,平田段,.22,都市：住,100000,750,持分移轉,09580010
RPPOMLSJNHIGFBB77CB,仁和段,.04,都市：商,10000,28,持分移轉,05160000
RPXNMLSJNHIGFBB48CB,平田段,.16,都市：住,100000,750,持分移轉,09580011
RPXNMLSJNHIGFBB48CB,平田段,.08,都市：住,100000,750,持分移轉,09580012
RPPOMLSJNHIGFBB77CB,仁和段,.43,都市：商,10000,28,持分移轉,05170000
RPXNMLSJNHIGFBB48CB,平田段,.02,都市：住,100000,750,持分移轉,09580013
RPPOMLSJNHIGFBB77CB,仁和段,.12,都市：商,10000,28,持分移轉,05180000
RPPOMLSJNHIGFBB77CB,仁和段,.03,都市：商,10000,28,持分移轉,05190000
RPPOMLSJNHIGFBB77CB,仁和段,.27,都市：商,10000,28,持分移轉,05200000
RPPOMLSJNHIGFBB77CB,仁和段,.39,都市：商,10000,28,持分移轉,05210000
RPPOMLSJNHIGFBB77CB,仁和段,.34,都市：商,10000,28,持分移轉,05220000
RPPOMLSJNHIGFBB77CB,仁和段,.04,都市：商,10000,28,持分移轉,05220001
RPPOMLSJNHIGFBB77CB,仁和段,6.12,都市：商,10000,28,持分移轉,05240000
RPPOMLSJNHIGFBB77CB,仁和段,2.54,都市：商,10000,28,持分移轉,05260000
RPPOMLSJNHIGFBB77CB,仁和段,1.12,都市：商,10000,28,持分移轉,05270001
RPPOMLSJNHIGFBB77CB,仁和段,2.56,都市：商,10000,28,持分移轉,05280000
RPTNMLSJNHIGFBB08CB,仁平段,4.30,都市：住,100000,558,持分移轉,03580000
RPTNMLSJNHIGFBB08CB,仁平段,4.67,都市：住,100000,558,持分移轉,03590000
RPTNMLSJNHIGFBB08CB,仁平段,3.12,都市：住,100000,558,持分移轉,03600000
RPTNMLSJNHIGFBB08CB,仁平段,1.61,都市：住,100000,558,持分移轉,03610000
RPTNMLSJNHIGFBB08CB,仁平段,1.19,都市：住,100000,558,持分移轉,03620000
RPTNMLSJNHIGFBB08CB,平田段,1.87,都市：住,100000,558,持分移轉,09530007
RPTNMLSJNHIGFBB08CB,平田段,4.96,都市：住,100000,558,持分移轉,09530000
RPTNMLSJNHIGFBB08CB,平田段,.17,都市：住,100000,558,持分移轉,09580010
RPTNMLSJNHIGFBB08CB,平田段,.12,都市：住,100000,558,持分移轉,09580011
RPTNMLSJNHIGFBB08CB,平田段,.06,都市：住,100000,558,持分移轉,09580012
RPTNMLSJNHIGFBB08CB,平田段,.01,都市：住,100000,558,持分移轉,09580013
RPQOMLSJNHIGFBB87CB,仁和段,.01,都市：商,10000,36,持分移轉,05130000
RPQOMLSJNHIGFBB87CB,仁和段,.01,都市：商,10000,36,持分移轉,05140000
RPQOMLSJNHIGFBB87CB,仁和段,2.70,都市：商,10000,36,持分移轉,05150000
RPQOMLSJNHIGFBB87CB,仁和段,.05,都市：商,10000,36,持分移轉,05160000
RPQOMLSJNHIGFBB87CB,仁和段,.56,都市：商,10000,36,持分移轉,05170000
RPQOMLSJNHIGFBB87CB,仁和段,.16,都市：商,10000,36,持分移轉,05180000
RPQOMLSJNHIGFBB87CB,仁和段,.04,都市：商,10000,36,持分移轉,05190000
RPQOMLSJNHIGFBB87CB,仁和段,.34,都市：商,10000,36,持分移轉,05200000
RPQOMLSJNHIGFBB87CB,仁和段,.50,都市：商,10000,36,持分移轉,05210000
RPQOMLSJNHIGFBB87CB,仁和段,.44,都市：商,10000,36,持分移轉,05220000
RPQOMLSJNHIGFBB87CB,仁和段,.06,都市：商,10000,36,持分移轉,05220001
RPQOMLSJNHIGFBB87CB,仁和段,7.87,都市：商,10000,36,持分移轉,05240000
RPQOMLSJNHIGFBB87CB,仁和段,3.27,都市：商,10000,36,持分移轉,05260000
RPQOMLSJNHIGFBB87CB,仁和段,1.44,都市：商,10000,36,持分移轉,05270001
RPQOMLSJNHIGFBB87CB,仁和段,3.29,都市：商,10000,36,持分移轉,05280000
RPROMLSJNHIGFBB97CB,仁和段,.01,都市：商,10000,28,持分移轉,05130000
RPROMLSJNHIGFBB97CB,仁和段,.01,都市：商,10000,28,持分移轉,05140000
RPROMLSJNHIGFBB97CB,仁和段,2.10,都市：商,10000,28,持分移轉,05150000
RPTOMLSJNHIGFBB18CB,中清段,5.20,都市：住,100000,1452,持分移轉,02770000
RPROMLSJNHIGFBB97CB,仁和段,.04,都市：商,10000,28,持分移轉,05160000
RPROMLSJNHIGFBB97CB,仁和段,.43,都市：商,10000,28,持分移轉,05170000
RPTOMLSJNHIGFBB18CB,中清段,7.84,都市：住,100000,1452,持分移轉,02790000
RPROMLSJNHIGFBB97CB,仁和段,.12,都市：商,10000,28,持分移轉,05180000
RPROMLSJNHIGFBB97CB,仁和段,.03,都市：商,10000,28,持分移轉,05190000
RPTOMLSJNHIGFBB18CB,中清段,8.93,都市：住,100000,1452,持分移轉,02790015
RPROMLSJNHIGFBB97CB,仁和段,.27,都市：商,10000,28,持分移轉,05200000
RPROMLSJNHIGFBB97CB,仁和段,.39,都市：商,10000,28,持分移轉,05210000
RPROMLSJNHIGFBB97CB,仁和段,.34,都市：商,10000,28,持分移轉,05220000
RPROMLSJNHIGFBB97CB,仁和段,.04,都市：商,10000,28,持分移轉,05220001
RPROMLSJNHIGFBB97CB,仁和段,6.12,都市：商,10000,28,持分移轉,05240000
RPROMLSJNHIGFBB97CB,仁和段,2.54,都市：商,10000,28,持分移轉,05260000
RPROMLSJNHIGFBB97CB,仁和段,1.12,都市：商,10000,28,持分移轉,05270001
RPROMLSJNHIGFBB97CB,仁和段,2.56,都市：商,10000,28,持分移轉,05280000
RPSOMLSJNHIGFBB08CB,中清段,5.30,都市：住,100000,1481,持分移轉,02770000
RPSOMLSJNHIGFBB08CB,中清段,8.00,都市：住,100000,1481,持分移轉,02790000
RPSOMLSJNHIGFBB08CB,中清段,9.11,都市：住,100000,1481,持分移轉,02790015
RPVOMLSJNHIGFBB38CB,中清段,5.14,都市：住,100000,1437,持分移轉,02770000
RPVOMLSJNHIGFBB38CB,中清段,7.76,都市：住,100000,1437,持分移轉,02790000
RPVOMLSJNHIGFBB38CB,中清段,8.84,都市：住,100000,1437,持分移轉,02790015
RPUOMLSJNHIGFBB28CB,中清段,5.27,都市：住,100000,1473,持分移轉,02770000
RPUOMLSJNHIGFBB28CB,中清段,7.95,都市：住,100000,1473,持分移轉,02790000
RPUOMLSJNHIGFBB28CB,中清段,9.06,都市：住,100000,1473,持分移轉,02790015
RPPPMLSJNHIGFBB87CB,中清段,5.17,都市：住,100000,1444,持分移轉,02770000
RPPPMLSJNHIGFBB87CB,中清段,7.80,都市：住,100000,1444,持分移轉,02790000
RPPPMLSJNHIGFBB87CB,中清段,8.88,都市：住,100000,1444,持分移轉,02790015
RPXOMLSJNHIGFBB58CB,中清段,4.39,都市：住,100000,1227,持分移轉,02770000
RPXOMLSJNHIGFBB58CB,中清段,6.63,都市：住,100000,1227,持分移轉,02790000
RPOPMLSJNHIGFBB77CB,中清段,5.42,都市：住,100000,1515,持分移轉,02770000
RPXOMLSJNHIGFBB58CB,中清段,7.55,都市：住,100000,1227,持分移轉,02790015
RPOPMLSJNHIGFBB77CB,中清段,8.18,都市：住,100000,1515,持分移轉,02790000
RPOPMLSJNHIGFBB77CB,中清段,9.32,都市：住,100000,1515,持分移轉,02790015
RPWOMLSJNHIGFBB48CB,中清段,4.39,都市：住,100000,1227,持分移轉,02770000
RPWOMLSJNHIGFBB48CB,中清段,6.63,都市：住,100000,1227,持分移轉,02790000
RPWOMLSJNHIGFBB48CB,中清段,7.55,都市：住,100000,1227,持分移轉,02790015
RPQPMLSJNHIGFBB97CB,中清段,5.17,都市：住,100000,1444,持分移轉,02770000
RPQPMLSJNHIGFBB97CB,中清段,7.80,都市：住,100000,1444,持分移轉,02790000
RPQPMLSJNHIGFBB97CB,中清段,8.88,都市：住,100000,1444,持分移轉,02790015
RPTPMLSJNHIGFBB28CB,美和段,11.17,都市：住,100000,812,持分移轉,03550000
RPTPMLSJNHIGFBB28CB,美和段,22.31,都市：住,100000,812,持分移轉,03560000
RPSPMLSJNHIGFBB18CB,美和段,13.55,都市：住,100000,985,持分移轉,03550000
RPSPMLSJNHIGFBB18CB,美和段,27.07,都市：住,100000,985,持分移轉,03560000
RPRPMLSJNHIGFBB08CB,同榮段,29.74,都市：住,1000000,11534,持分移轉,33070000
RPUPMLSJNHIGFBB38CB,美和段,15.22,都市：住,100000,1106,持分移轉,03550000
RPUPMLSJNHIGFBB38CB,美和段,30.39,都市：住,100000,1106,持分移轉,03560000
RPVPMLSJNHIGFBB48CB,美和段,12.46,都市：住,100000,906,持分移轉,03550000
RPVPMLSJNHIGFBB48CB,美和段,24.90,都市：住,100000,906,持分移轉,03560000
RPXPMLSJNHIGFBB68CB,東信段,16.73,都市：住,100000,677,持分移轉,00900000
RPPNMLSJNHIGFEB97CB,順天段,33.76,都市：住,1000000,20286,持分移轉,07550000
RPPNMLSJNHIGFEB97CB,順天段,.93,都市：其他:道路用地,1000000,20286,持分移轉,07160000
RPPNMLSJNHIGFKB58CB,龍田段,8.27,都市：住,30,1,持分移轉,10480001
RPPNMLSJNHIGFEB97CB,順天段,3.69,都市：其他:廣場用地兼供道路使用,1000000,20286,持分移轉,07540000
RPPNMLSJNHIGFKB58CB,龍田段,6.33,都市：住,30,1,持分移轉,10490001
RPPNMLSJNHIGFKB58CB,龍田段,9.07,都市：住,30,1,持分移轉,10480010
RPPNMLSJNHIGFKB58CB,龍田段,9.17,都市：住,30,1,持分移轉,10490011
RPPNMLSJNHIGFKB58CB,龍田段,58.00,都市：住,1,1,全筆移轉,10480000
RPWPMLSJNHIGFBB58CB,美和段,11.98,都市：住,100000,871,持分移轉,03550000
RPWPMLSJNHIGFBB58CB,美和段,23.94,都市：住,100000,871,持分移轉,03560000
RPRNMLSJNHIGFKB78CB,中社段,28.39,都市：住,542499,2839,持分移轉,07000000
RPSNMLSJNHIGFKB88CB,中社段,30.06,都市：住,542499,3006,持分移轉,07000000
RPQNMLSJNHIGFKB68CB,中社段,28.39,都市：住,542499,2839,持分移轉,07000000
RPTNMLSJNHIGFKB98CB,中社段,41.82,都市：住,542499,4182,持分移轉,07000000
RPUNMLSJNHIGFKB09CB,龍田段,150.00,都市：住,1,1,全筆移轉,15940000
RPVNMLSJNHIGFKB56CB,龍田段,101.00,都市：住,1,1,全筆移轉,15940012
RPPNMLSJNHIGFJB48CB,育賢段,21.48,都市：住,10000,25,持分移轉,02010000
RPQNMLSJNHIGFJB58CB,育賢段,17.19,都市：住,10000,20,持分移轉,02010000
RPRNMLSJNHIGFJB68CB,育賢段,22.34,都市：住,10000,26,持分移轉,02010000
RPSNMLSJNHIGFJB78CB,育賢段,23.45,都市：住,10000,40,持分移轉,02100001
RPTNMLSJNHIGFJB88CB,育賢段,17.19,都市：住,10000,20,持分移轉,02010000
RPPNMLSJNHIGFCB77CB,建功段,10.04,都市：住,100000,123,持分移轉,00040000
RPQNMLSJNHIGFCB87CB,建功段,9.39,都市：住,100000,115,持分移轉,00040000
RPRNMLSJNHIGFCB97CB,寶文段,30.82,都市：住,100000,658,持分移轉,00350002
RPSNMLSJNHIGFCB08CB,寶文段,22.81,都市：住,100000,487,持分移轉,00350002
RPTNMLSJNHIGFCB18CB,寶文段,30.82,都市：住,100000,658,持分移轉,00350002
RPUNMLSJNHIGFCB28CB,寶文段,38.74,都市：住,100000,827,持分移轉,00350002
RPVNMLSJNHIGFCB38CB,民安段,34.96,都市：住,100000,1137,持分移轉,18900000
RPWNMLSJNHIGFCB48CB,民安段,33.64,都市：住,100000,1094,持分移轉,18900000
RPOOMLSJNHIGFCB77CB,民安段,31.49,都市：住,100000,1024,持分移轉,18900000
RPPOMLSJNHIGFCB87CB,民安段,34.59,都市：住,100000,1125,持分移轉,18900000
RPPNMLTJNHIGFCB87CB,田心段,19.06,都市：住,1000000,4253,持分移轉,14800000
RPPNMLTJNHIGFIB48CB,東湖段,22.66,都市：住,100000,1161,持分移轉,07590000
RPQNMLTJNHIGFIB58CB,東湖段,32.29,都市：住,100000,1654,持分移轉,07590000
RPXNMLSJNHIGFCB58CB,民安段,34.96,都市：住,100000,1137,持分移轉,18900000
RPRNMLTJNHIGFIB68CB,東湖段,22.66,都市：住,100000,1161,持分移轉,07590000
RPSNMLTJNHIGFIB78CB,東湖段,30.05,都市：住,100000,658,持分移轉,06750000
RPTNMLTJNHIGFIB88CB,東湖段,35.21,都市：住,100000,771,持分移轉,06750000
RPUNMLTJNHIGFIB98CB,東湖段,31.56,都市：住,100000,691,持分移轉,06750000
RPWNMLTJNHIGFIB56CB,東湖段,35.21,都市：住,100000,771,持分移轉,06750000
RPXNMLTJNHIGFIB66CB,東湖段,31.56,都市：住,100000,691,持分移轉,06750000
RPVNMLTJNHIGFIB09CB,東湖段,30.05,都市：住,100000,658,持分移轉,06750000
RPOOMLTJNHIGFIB48CB,湖日段,15.64,都市：商,10000,327,持分移轉,03420000
RPPOMLTJNHIGFIB58CB,湖日段,15.60,都市：商,10000,326,持分移轉,03420000
RPROMLTJNHIGFIB78CB,新榮泉段,14.63,都市：商,100000,756,持分移轉,00250000
RPQOMLTJNHIGFIB68CB,山頂段,29.58,都市：住,1000000,7355,持分移轉,07050000
RPQOMLTJNHIGFIB68CB,山頂段,3.98,都市：住,1000000,7355,持分移轉,07190000
RPSOMLTJNHIGFIB88CB,山頂段,29.58,都市：住,1000000,7355,持分移轉,07050000
RPSOMLTJNHIGFIB88CB,山頂段,3.98,都市：住,1000000,7355,持分移轉,07190000
RPTOMLTJNHIGFIB98CB,山頂段,21.61,都市：住,1000000,5372,持分移轉,07050000
RPTOMLTJNHIGFIB98CB,山頂段,2.90,都市：住,1000000,5372,持分移轉,07190000
RPWOMLTJNHIGFIB66CB,山頂段,20.43,都市：住,1000000,5079,持分移轉,07050000
RPWOMLTJNHIGFIB66CB,山頂段,2.75,都市：住,1000000,5079,持分移轉,07190000
RPVOMLTJNHIGFIB56CB,新榮泉段,16.53,都市：商,100000,854,持分移轉,00250000
RPPPMLTJNHIGFIB68CB,山頂段,29.58,都市：住,1000000,7355,持分移轉,07050000
RPPPMLTJNHIGFIB68CB,山頂段,3.98,都市：住,1000000,7355,持分移轉,07190000
RPXOMLTJNHIGFIB76CB,新榮泉段,16.53,都市：商,100000,854,持分移轉,00250000
RPQPMLTJNHIGFIB78CB,新榮泉段,21.23,都市：商,100000,1097,持分移轉,00250000
RPSPMLTJNHIGFIB98CB,山頂段,29.58,都市：住,1000000,7355,持分移轉,07050000
RPSPMLTJNHIGFIB98CB,山頂段,3.98,都市：住,1000000,7355,持分移轉,07190000
RPRPMLTJNHIGFIB88CB,山頂段,21.98,都市：住,1000000,5465,持分移轉,07050000
RPRPMLTJNHIGFIB88CB,山頂段,2.95,都市：住,1000000,5465,持分移轉,07190000
RPPNMLTJNHIGFJB58CB,育賢段,15.87,都市：住,10000,25,持分移轉,01840004
RPRNMLTJNHIGFJB78CB,學億段,29.36,都市：住,10000,156,持分移轉,00380004
RPSNMLTJNHIGFJB88CB,學億段,29.55,都市：住,10000,157,持分移轉,00380004
RPQNMLTJNHIGFJB68CB,學億段,29.36,都市：住,10000,156,持分移轉,00380004
RPTNMLTJNHIGFJB98CB,育賢段,25.52,都市：住,10000,24,持分移轉,01810001
RPTPMLTJNHIGFIB09CB,山頂段,21.61,都市：住,1000000,5372,持分移轉,07050000
RPTPMLTJNHIGFIB09CB,山頂段,2.90,都市：住,1000000,5372,持分移轉,07190000
RPVNMLTJNHIGFJB56CB,育賢段,26.58,都市：住,10000,25,持分移轉,01810001
RPUNMLTJNHIGFJB09CB,育賢段,26.58,都市：住,10000,25,持分移轉,01810001
RPWNMLTJNHIGFJB66CB,育賢段,19.14,都市：住,10000,18,持分移轉,01810001
RPXNMLTJNHIGFJB76CB,育賢段,25.52,都市：住,10000,24,持分移轉,01810001
RPOOMLTJNHIGFJB58CB,育賢段,26.58,都市：住,10000,25,持分移轉,01810001
RPPOMLTJNHIGFJB68CB,育賢段,18.08,都市：住,10000,17,持分移轉,01810001
RPPNMLTJNHIGFKB68CB,竹泉段,5.51,都市：住,10000,247,持分移轉,01860006
RPPNMLTJNHIGFKB68CB,竹泉段,.57,都市：商,10000,247,持分移轉,01860011
RPPNMLTJNHIGFKB68CB,竹泉段,19.04,都市：住,10000,247,持分移轉,01900000
RPPNMLTJNHIGFDB97CB,南村段,16.88,都市：商,100000,254,持分移轉,05460000
RPQNMLTJNHIGFDB08CB,南陽段,4.15,都市：住,100000,1451,持分移轉,06090000
RPQNMLTJNHIGFDB08CB,南陽段,6.14,都市：住,100000,1451,持分移轉,06110000
RPQNMLTJNHIGFKB78CB,竹泉段,5.51,都市：住,10000,247,持分移轉,01860006
RPQNMLTJNHIGFKB78CB,竹泉段,.57,都市：商,10000,247,持分移轉,01860011
RPQNMLTJNHIGFKB78CB,竹泉段,19.04,都市：住,10000,247,持分移轉,01900000
RPSNMLTJNHIGFKB98CB,東海段,21.52,都市：住,10000,420,持分移轉,00980055
RPRNMLTJNHIGFKB88CB,竹泉段,6.96,都市：住,10000,312,持分移轉,01860006
RPRNMLTJNHIGFKB88CB,竹泉段,.72,都市：商,10000,312,持分移轉,01860011
RPRNMLTJNHIGFKB88CB,竹泉段,24.06,都市：住,10000,312,持分移轉,01900000
RPPNMLTJNHIGFEB08CB,致用段,17.50,都市：住,100000,1490,持分移轉,01130000
RPRNMLTJNHIGFEB28CB,大同段,76.19,都市：住,1,1,全筆移轉,04100000
RPRNMLTJNHIGFEB28CB,大同段,11.96,都市：住,14,1,持分移轉,04100009
RPRNMLTJNHIGFEB28CB,大同段,10.00,都市：其他:公共保留地,32185,1000,持分移轉,03870000
RPQNMLTJNHIGFEB18CB,致用段,25.56,都市：住,100000,2177,持分移轉,01130000
RPQNMLTJNHIGFKB88DB,仁德段,29.45,都市：農,100000,2928,持分移轉,08780000
RPPNMLTJNHIGFKB78DB,仁德段,29.97,都市：農,100000,2979,持分移轉,08780000
RPXTMLTJNHIGFBB56CB,竹興段,66.18,都市：住,10000,107,持分移轉,00970000
RPVTMLTJNHIGFBB98CB,竹興段,66.18,都市：住,10000,107,持分移轉,00970000
RPTNNLTJNHIGFBB28CB,竹興段,56.90,都市：住,10000,92,持分移轉,00970000
RPPNMLTJNHIGFHB38CB,花眉庄段,17.55,都市：農,11,1,持分移轉,11370000
RPPNMLTJNHIGFHB38CB,花眉庄段,1.63,都市：農,11,1,持分移轉,11370001
RPPNMLTJNHIGFHB38CB,花眉庄段,45.97,都市：農,1,1,全筆移轉,11370009
RPPNMLTJNHIGFHB38CB,花眉庄段,2.26,都市：農,11,1,持分移轉,11370013
RPQNMLTJNHIGFHB48CB,花眉庄段,17.55,都市：農,11,1,持分移轉,11370000
RPQNMLTJNHIGFHB48CB,花眉庄段,1.63,都市：農,11,1,持分移轉,11370001
RPQNMLTJNHIGFHB48CB,花眉庄段,45.97,都市：農,1,1,全筆移轉,11370011
RPQNMLTJNHIGFHB48CB,花眉庄段,2.26,都市：農,11,1,持分移轉,11370013
RPQNMLTJNHIGFFB28CB,保寧段,21.61,都市：住,100000,668,持分移轉,05090000
RPRNMLTJNHIGFFB38CB,庄北段,24.02,都市：住,10000,149,持分移轉,10720000
RPSNMLKKNHIGFFB67CB,市鎮南段,8.51,都市：商,10000,17,持分移轉,00740000
RPPNMLTJNHIGFAB67CB,大益段,26.40,都市：住,10000,487,持分移轉,03300000
RPQNMLKKNHIGFFB47CB,市鎮南段,8.51,都市：商,10000,17,持分移轉,00740000
RPUNMLKKNHIGFFB87CB,南簡段,30.06,都市：住,100000,6592,持分移轉,10490000
RPRNMLKKNHIGFFB57CB,市鎮南段,11.52,都市：商,10000,23,持分移轉,00740000
RPTNMLKKNHIGFFB77CB,市鎮南段,9.01,都市：商,10000,18,持分移轉,00740000
RPWNMLKKNHIGFAB57CB,泉源段,7.18,都市：商,100000,61,持分移轉,00150000
RPVNMLKKNHIGFAB47CB,土庫段,4.49,都市：住,100000,794,持分移轉,00670062
RPVNMLKKNHIGFAB47CB,土庫段,7.18,都市：商,100000,794,持分移轉,00670148
RPXNMLKKNHIGFAB67CB,泉源段,13.54,都市：商,100000,115,持分移轉,00150000
RPOOMLKKNHIGFAB86CB,泉源段,5.89,都市：商,100000,50,持分移轉,00150000
RPPNMLKKNHIGFBB96CB,敦和段,35.32,都市：住,100000,2131,持分移轉,00850000
RPQNMLKKNHIGFBB07CB,敦和段,35.32,都市：住,100000,2131,持分移轉,00850000
RPPOMLKKNHIGFAB96CB,泉源段,6.24,都市：商,100000,53,持分移轉,00150000
RPRNMLKKNHIGFBB17CB,敦和段,35.32,都市：住,100000,2131,持分移轉,00850000
RPTNMLKKNHIGFBB37CB,美和段,34.70,都市：住,100000,907,持分移轉,05690000
RPSNMLKKNHIGFBB27CB,美和段,34.20,都市：住,100000,894,持分移轉,05690000
RPVNMLKKNHIGFBB57CB,美和段,34.20,都市：住,100000,894,持分移轉,05690000
RPUNMLKKNHIGFBB47CB,美和段,37.72,都市：住,100000,986,持分移轉,05690000
RPWNMLKKNHIGFBB67CB,美和段,34.20,都市：住,100000,894,持分移轉,05690000
RPXNMLKKNHIGFBB77CB,美和段,34.20,都市：住,100000,894,持分移轉,05690000
RPOOMLKKNHIGFBB96CB,美和段,39.33,都市：住,100000,1028,持分移轉,05690000
RPPOMLKKNHIGFBB07CB,美和段,34.20,都市：住,100000,894,持分移轉,05690000
RPROMLKKNHIGFBB27CB,美和段,34.70,都市：住,100000,907,持分移轉,05690000
RPSOMLKKNHIGFBB37CB,美和段,34.70,都市：住,100000,907,持分移轉,05690000
RPTOMLKKNHIGFBB47CB,美和段,34.40,都市：住,100000,899,持分移轉,05690000
RPQOMLKKNHIGFBB17CB,美和段,34.70,都市：住,100000,907,持分移轉,05690000
RPUOMLKKNHIGFBB57CB,美和段,34.70,都市：住,100000,907,持分移轉,05690000
RPVOMLKKNHIGFBB67CB,美和段,39.33,都市：住,100000,1028,持分移轉,05690000
RPXOMLKKNHIGFBB87CB,美和段,37.38,都市：住,100000,977,持分移轉,05690000
RPOPMLKKNHIGFBB07CB,美和段,34.40,都市：住,100000,899,持分移轉,05690000
RPWOMLKKNHIGFBB77CB,美和段,37.38,都市：住,100000,977,持分移轉,05690000
RPQPMLKKNHIGFBB27CB,美和段,34.40,都市：住,100000,899,持分移轉,05690000
RPPPMLKKNHIGFBB17CB,美和段,39.33,都市：住,100000,1028,持分移轉,05690000
RPRPMLKKNHIGFBB37CB,美和段,39.33,都市：住,100000,1028,持分移轉,05690000
RPSPMLKKNHIGFBB47CB,美和段,34.70,都市：住,100000,907,持分移轉,05690000
RPTPMLKKNHIGFBB57CB,美和段,37.72,都市：住,100000,986,持分移轉,05690000
RPUPMLKKNHIGFBB67CB,美和段,37.72,都市：住,100000,986,持分移轉,05690000
RPWPMLKKNHIGFBB87CB,美和段,37.38,都市：住,100000,977,持分移轉,05690000
RPXPMLKKNHIGFBB97CB,美和段,37.38,都市：住,100000,977,持分移轉,05690000
RPVPMLKKNHIGFBB77CB,美和段,37.38,都市：住,100000,977,持分移轉,05690000
RPPQMLKKNHIGFBB27CB,美和段,34.70,都市：住,100000,907,持分移轉,05690000
RPOQMLKKNHIGFBB17CB,美和段,34.70,都市：住,100000,907,持分移轉,05690000
RPQQMLKKNHIGFBB37CB,美和段,34.70,都市：住,100000,907,持分移轉,05690000
RPUQMLKKNHIGFBB77CB,美和段,25.98,都市：住,100000,679,持分移轉,05690000
RPSQMLKKNHIGFBB57CB,美和段,34.20,都市：住,100000,894,持分移轉,05690000
RPTQMLKKNHIGFBB67CB,美和段,34.40,都市：住,100000,899,持分移轉,05690000
RPRQMLKKNHIGFBB47CB,美和段,33.02,都市：住,100000,863,持分移轉,05690000
RPWQMLKKNHIGFBB97CB,美和段,34.70,都市：住,100000,907,持分移轉,05690000
RPXQMLKKNHIGFBB08CB,美和段,37.72,都市：住,100000,986,持分移轉,05690000
RPVQMLKKNHIGFBB87CB,美和段,39.33,都市：住,100000,1028,持分移轉,05690000
RPORMLKKNHIGFBB27CB,美和段,33.29,都市：住,100000,870,持分移轉,05690000
RPSRMLKKNHIGFBB67CB,美和段,34.70,都市：住,100000,907,持分移轉,05690000
RPQRMLKKNHIGFBB47CB,美和段,37.38,都市：住,100000,977,持分移轉,05690000
RPPRMLKKNHIGFBB37CB,美和段,37.72,都市：住,100000,986,持分移轉,05690000
RPRRMLKKNHIGFBB57CB,美和段,34.20,都市：住,100000,894,持分移轉,05690000
RPTRMLKKNHIGFBB77CB,仁平段,109.56,都市：住,1,1,全筆移轉,01560001
RPTRMLKKNHIGFBB77CB,仁平段,2.74,都市：住,1000000,100036,持分移轉,01560011
RPURMLKKNHIGFBB87CB,美和段,34.20,都市：住,100000,894,持分移轉,05690000
RPWRMLKKNHIGFBB08CB,美和段,37.72,都市：住,100000,986,持分移轉,05690000
RPXRMLKKNHIGFBB18CB,美和段,37.72,都市：住,100000,986,持分移轉,05690000
RPVRMLKKNHIGFBB97CB,美和段,34.20,都市：住,100000,894,持分移轉,05690000
RPOSMLKKNHIGFBB37CB,美和段,28.58,都市：住,100000,747,持分移轉,05690000
RPRSMLKKNHIGFBB67CB,美和段,28.73,都市：住,100000,751,持分移轉,05690000
RPPSMLKKNHIGFBB47CB,美和段,37.38,都市：住,100000,977,持分移轉,05690000
RPUSMLKKNHIGFBB97CB,南興段,84.66,都市：住,1,1,全筆移轉,01670030
RPUSMLKKNHIGFBB97CB,南興段,29.56,都市：住,1000000,90014,持分移轉,01670036
RPQSMLKKNHIGFBB57CB,美和段,39.33,都市：住,100000,1028,持分移轉,05690000
RPVSMLKKNHIGFBB08CB,南興段,99.65,都市：住,1,1,全筆移轉,01670039
RPTSMLKKNHIGFBB87CB,仁平段,134.12,都市：住,1,1,全筆移轉,01560008
RPVSMLKKNHIGFBB08CB,南興段,29.56,都市：住,1000000,90014,持分移轉,01670036
RPTSMLKKNHIGFBB87CB,仁平段,2.74,都市：住,1000000,100036,持分移轉,01560011
RPWSMLKKNHIGFBB18CB,美和段,25.98,都市：住,100000,679,持分移轉,05690000
RPXSMLKKNHIGFBB28CB,美和段,37.72,都市：住,100000,986,持分移轉,05690000
RPOTMLKKNHIGFBB47CB,美和段,37.72,都市：住,100000,986,持分移轉,05690000
RPPTMLKKNHIGFBB57CB,美和段,34.70,都市：住,100000,907,持分移轉,05690000
RPQTMLKKNHIGFBB67CB,美和段,37.72,都市：住,100000,986,持分移轉,05690000
RPTTMLKKNHIGFBB97CB,美和段,37.38,都市：住,100000,977,持分移轉,05690000
RPSTMLKKNHIGFBB87CB,美和段,37.38,都市：住,100000,977,持分移轉,05690000
RPRTMLKKNHIGFBB77CB,美和段,39.33,都市：住,100000,1028,持分移轉,05690000
RPUTMLKKNHIGFBB08CB,美和段,37.38,都市：住,100000,977,持分移轉,05690000
RPWTMLKKNHIGFBB28CB,美和段,39.33,都市：住,100000,1028,持分移轉,05690000
RPXTMLKKNHIGFBB38CB,美和段,37.38,都市：住,100000,977,持分移轉,05690000
RPOUMLKKNHIGFBB57CB,美和段,34.40,都市：住,100000,899,持分移轉,05690000
RPVTMLKKNHIGFBB18CB,美和段,34.70,都市：住,100000,907,持分移轉,05690000
RPPUMLKKNHIGFBB67CB,美和段,28.73,都市：住,100000,751,持分移轉,05690000
RPQUMLKKNHIGFBB77CB,美和段,34.40,都市：住,100000,899,持分移轉,05690000
RPRUMLKKNHIGFBB87CB,美和段,34.70,都市：住,100000,907,持分移轉,05690000
RPSUMLKKNHIGFBB97CB,美和段,37.38,都市：住,100000,977,持分移轉,05690000
RPTUMLKKNHIGFBB08CB,美和段,28.58,都市：住,100000,747,持分移轉,05690000
RPUUMLKKNHIGFBB18CB,美和段,31.45,都市：住,100000,822,持分移轉,05690000
RPVUMLKKNHIGFBB28CB,美和段,39.33,都市：住,100000,1028,持分移轉,05690000
RPXUMLKKNHIGFBB48CB,美和段,34.70,都市：住,100000,907,持分移轉,05690000
RPWUMLKKNHIGFBB38CB,美和段,37.38,都市：住,100000,977,持分移轉,05690000
RPPVMLKKNHIGFBB77CB,美和段,37.38,都市：住,100000,977,持分移轉,05690000
RPQVMLKKNHIGFBB87CB,美和段,34.40,都市：住,100000,899,持分移轉,05690000
RPRVMLKKNHIGFBB97CB,美和段,34.70,都市：住,100000,907,持分移轉,05690000
RPSVMLKKNHIGFBB08CB,美和段,34.70,都市：住,100000,907,持分移轉,05690000
RPTVMLKKNHIGFBB18CB,美和段,37.72,都市：住,100000,986,持分移轉,05690000
RPOVMLKKNHIGFBB67CB,美和段,34.70,都市：住,100000,907,持分移轉,05690000
RPUVMLKKNHIGFBB28CB,美和段,39.33,都市：住,100000,1028,持分移轉,05690000
RPWVMLKKNHIGFBB48CB,美和段,29.65,都市：住,100000,775,持分移轉,05690000
RPVVMLKKNHIGFBB38CB,美和段,39.33,都市：住,100000,1028,持分移轉,05690000
RPXVMLKKNHIGFBB58CB,平田段,24.54,都市：住,100000,1024,持分移轉,09580000
RPXVMLKKNHIGFBB58CB,仁平段,1.75,都市：住,100000,1024,持分移轉,03800000
RPPWMLKKNHIGFBB87CB,美和段,34.70,都市：住,100000,907,持分移轉,05690000
RPOWMLKKNHIGFBB77CB,美和段,34.20,都市：住,100000,894,持分移轉,05690000
RPRWMLKKNHIGFBB08CB,乾溝子段,26.17,都市：商,10000,41,持分移轉,01700000
RPQWMLKKNHIGFBB97CB,美和段,34.70,都市：住,100000,907,持分移轉,05690000
RPSWMLKKNHIGFBB18CB,乾溝子段,26.17,都市：商,10000,41,持分移轉,01700000
RPTWMLKKNHIGFBB28CB,美和段,34.70,都市：住,100000,907,持分移轉,05690000
RPVWMLKKNHIGFBB48CB,美和段,30.46,都市：住,100000,796,持分移轉,05690000
RPUWMLKKNHIGFBB38CB,美和段,34.70,都市：住,100000,907,持分移轉,05690000
RPWWMLKKNHIGFBB58CB,美和段,34.70,都市：住,100000,907,持分移轉,05690000
RPXWMLKKNHIGFBB68CB,美和段,39.33,都市：住,100000,1028,持分移轉,05690000
RPPNNLKKNHIGFBB07CB,美和段,34.40,都市：住,100000,899,持分移轉,05690000
RPONNLKKNHIGFBB96CB,美和段,31.56,都市：住,100000,825,持分移轉,05690000
RPQNNLKKNHIGFBB17CB,賴厝廍段,3.59,都市：住,100000,200,持分移轉,00860004
RPQNNLKKNHIGFBB17CB,賴厝廍段,1.92,都市：住,100000,200,持分移轉,00860085
RPRNNLKKNHIGFBB27CB,賴厝廍段,5.16,都市：住,100000,288,持分移轉,00860004
RPRNNLKKNHIGFBB27CB,賴厝廍段,2.77,都市：住,100000,288,持分移轉,00860085
RPSNNLKKNHIGFBB37CB,賴厝廍段,5.38,都市：住,100000,300,持分移轉,00860004
RPSNNLKKNHIGFBB37CB,賴厝廍段,2.89,都市：住,100000,300,持分移轉,00860085
RPUNNLKKNHIGFBB57CB,賴厝廍段,5.22,都市：住,100000,291,持分移轉,00860004
RPUNNLKKNHIGFBB57CB,賴厝廍段,2.80,都市：住,100000,291,持分移轉,00860085
RPWNNLKKNHIGFBB77CB,美和段,32.75,都市：住,100000,856,持分移轉,05690000
RPVNNLKKNHIGFBB67CB,賴厝廍段,6.87,都市：住,100000,383,持分移轉,00860004
RPVNNLKKNHIGFBB67CB,賴厝廍段,3.68,都市：住,100000,383,持分移轉,00860085
RPXNNLKKNHIGFBB87CB,美和段,34.40,都市：住,100000,899,持分移轉,05690000
RPTNNLKKNHIGFBB47CB,賴厝廍段,5.16,都市：住,100000,288,持分移轉,00860004
RPTNNLKKNHIGFBB47CB,賴厝廍段,2.77,都市：住,100000,288,持分移轉,00860085
RPPONLKKNHIGFBB17CB,美和段,34.40,都市：住,100000,899,持分移轉,05690000
RPOONLKKNHIGFBB07CB,美和段,34.40,都市：住,100000,899,持分移轉,05690000
RPQONLKKNHIGFBB27CB,美和段,34.40,都市：住,100000,899,持分移轉,05690000
RPRONLKKNHIGFBB37CB,美和段,37.38,都市：住,100000,977,持分移轉,05690000
RPSONLKKNHIGFBB47CB,美和段,37.38,都市：住,100000,977,持分移轉,05690000
RPTONLKKNHIGFBB57CB,美和段,37.38,都市：住,100000,977,持分移轉,05690000
RPUONLKKNHIGFBB67CB,美和段,37.38,都市：住,100000,977,持分移轉,05690000
RPVONLKKNHIGFBB77CB,美和段,34.20,都市：住,100000,894,持分移轉,05690000
RPWONLKKNHIGFBB87CB,美和段,37.38,都市：住,100000,977,持分移轉,05690000
RPOPNLKKNHIGFBB17CB,仁平段,36.44,都市：住,100000,1551,持分移轉,02040000
RPPNMLKKNHIGFKB87CB,龍目井段龍目井小段,27.57,都市：住,100000,2453,持分移轉,00890000
RPPNMLKKNHIGFKB87CB,龍目井段龍目井小段,9.10,都市：住,50,1,持分移轉,00890006
RPXONLKKNHIGFBB97CB,仁平段,37.10,都市：住,100000,2353,持分移轉,05410000
RPQNMLKKNHIGFKB97CB,龍目井段龍目井小段,27.57,都市：住,100000,2453,持分移轉,00890000
RPQNMLKKNHIGFKB97CB,龍目井段龍目井小段,9.10,都市：住,50,1,持分移轉,00890006
RPQNMLKKNHIGFDB27CB,三角東段,63.69,都市：農,1,1,全筆移轉,08270025
RPQNMLKKNHIGFDB27CB,三角東段,29.28,都市：農,26,1,持分移轉,08270000
RPQNMLKKNHIGFDB27CB,三角東段,.51,都市：農,26,1,持分移轉,08270009
RPSNMLKKNHIGFKB18CB,龍目井段龍目井小段,64.00,都市：住,1,1,全筆移轉,00890011
RPSNMLKKNHIGFKB18CB,龍目井段龍目井小段,9.10,都市：住,50,1,持分移轉,00890006
RPUNMLKKNHIGFDB67CB,光復段,42.64,都市：農,1,1,全筆移轉,01330036
RPUNMLKKNHIGFDB67CB,光復段,17.42,都市：農,10000,715,持分移轉,01330040
RPUNMLKKNHIGFDB67CB,光復段,.84,都市：農,10000,303,持分移轉,01330041
RPUNMLKKNHIGFDB67CB,光復段,6.04,都市：農,10000,303,持分移轉,01330042
RPRNMLKKNHIGFKB08CB,龍目井段龍目井小段,24.42,都市：住,100000,2173,持分移轉,00890000
RPRNMLKKNHIGFKB08CB,龍目井段龍目井小段,9.10,都市：住,50,1,持分移轉,00890006
RPVNMLKKNHIGFDB77CB,光復段,41.94,都市：農,1,1,全筆移轉,01330035
RPVNMLKKNHIGFDB77CB,光復段,17.42,都市：農,10000,715,持分移轉,01330040
RPVNMLKKNHIGFDB77CB,光復段,.84,都市：農,10000,303,持分移轉,01330041
RPVNMLKKNHIGFDB77CB,光復段,6.04,都市：農,10000,303,持分移轉,01330042
RPWNMLKKNHIGFDB87CB,后寶段,11.26,非都市：鄉村區 ; 非都市編定：乙種建築用地,100000,504,持分移轉,09070000
RPWNMLKKNHIGFDB87CB,后寶段,6.08,非都市：鄉村區 ; 非都市編定：乙種建築用地,100000,504,持分移轉,09080000
RPWNMLKKNHIGFDB87CB,后寶段,1.67,非都市：鄉村區 ; 非都市編定：乙種建築用地,100000,504,持分移轉,09090000
RPWNMLKKNHIGFDB87CB,后寶段,7.37,非都市：鄉村區 ; 非都市編定：乙種建築用地,100000,504,持分移轉,09100000
RPWNMLKKNHIGFDB87CB,后寶段,2.47,非都市：鄉村區 ; 非都市編定：乙種建築用地,100000,504,持分移轉,09110000
RPXNMLKKNHIGFDB97CB,后寶段,7.77,非都市：鄉村區 ; 非都市編定：乙種建築用地,100000,348,持分移轉,09070000
RPXNMLKKNHIGFDB97CB,后寶段,4.20,非都市：鄉村區 ; 非都市編定：乙種建築用地,100000,348,持分移轉,09080000
RPXNMLKKNHIGFDB97CB,后寶段,1.15,非都市：鄉村區 ; 非都市編定：乙種建築用地,100000,348,持分移轉,09090000
RPXNMLKKNHIGFDB97CB,后寶段,5.09,非都市：鄉村區 ; 非都市編定：乙種建築用地,100000,348,持分移轉,09100000
RPXNMLKKNHIGFDB97CB,后寶段,1.71,非都市：鄉村區 ; 非都市編定：乙種建築用地,100000,348,持分移轉,09110000
RPPOMLKKNHIGFDB27CB,后寶段,7.77,非都市：鄉村區 ; 非都市編定：乙種建築用地,100000,348,持分移轉,09070000
RPPOMLKKNHIGFDB27CB,后寶段,4.20,非都市：鄉村區 ; 非都市編定：乙種建築用地,100000,348,持分移轉,09080000
RPPOMLKKNHIGFDB27CB,后寶段,1.15,非都市：鄉村區 ; 非都市編定：乙種建築用地,100000,348,持分移轉,09090000
RPPOMLKKNHIGFDB27CB,后寶段,5.09,非都市：鄉村區 ; 非都市編定：乙種建築用地,100000,348,持分移轉,09100000
RPPOMLKKNHIGFDB27CB,后寶段,1.71,非都市：鄉村區 ; 非都市編定：乙種建築用地,100000,348,持分移轉,09110000
RPOOMLKKNHIGFDB17CB,后寶段,7.77,非都市：鄉村區 ; 非都市編定：乙種建築用地,100000,348,持分移轉,09070000
RPOOMLKKNHIGFDB17CB,后寶段,4.20,非都市：鄉村區 ; 非都市編定：乙種建築用地,100000,348,持分移轉,09080000
RPOOMLKKNHIGFDB17CB,后寶段,1.15,非都市：鄉村區 ; 非都市編定：乙種建築用地,100000,348,持分移轉,09090000
RPOOMLKKNHIGFDB17CB,后寶段,5.09,非都市：鄉村區 ; 非都市編定：乙種建築用地,100000,348,持分移轉,09100000
RPOOMLKKNHIGFDB17CB,后寶段,1.71,非都市：鄉村區 ; 非都市編定：乙種建築用地,100000,348,持分移轉,09110000
RPPNMLKKNHIGFJB77CB,育賢段,24.16,都市：住,100000,412,持分移轉,02100000
RPQNMLKKNHIGFJB87CB,育賢段,24.16,都市：住,100000,412,持分移轉,02100000
RPRNMLKKNHIGFJB97CB,福平段,19.62,都市：商,100000,827,持分移轉,08730000
RPSNMLKKNHIGFJB08CB,福平段,13.31,都市：商,100000,561,持分移轉,08730000
RPTNMLKKNHIGFJB18CB,福平段,18.34,都市：商,100000,773,持分移轉,08730000
RPUNMLKKNHIGFJB28CB,福平段,13.31,都市：商,100000,561,持分移轉,08730000
RPVNMLKKNHIGFJB38CB,福平段,13.88,都市：商,100000,585,持分移轉,08730000
RPWNMLKKNHIGFJB48CB,福平段,19.70,都市：商,100000,830,持分移轉,08730000
RPXNMLKKNHIGFJB58CB,育賢段,25.74,都市：住,100000,439,持分移轉,02100000
RPOOMLKKNHIGFJB77CB,育賢段,25.74,都市：住,100000,439,持分移轉,02100000
RPPOMLKKNHIGFJB87CB,育賢段,23.39,都市：住,100000,399,持分移轉,02100000
RPROMLKKNHIGFJB08CB,育賢段,23.51,都市：住,100000,401,持分移轉,02100000
RPQOMLKKNHIGFJB97CB,育賢段,24.57,都市：住,100000,419,持分移轉,02100000
RPSNMLKKNHIGFIB97CB,新高鐵段,13.93,都市：商,100000,99,持分移轉,00310000
RPPNMLKKNHIGFIB67CB,大里段,16.74,非都市：特定農業區 ; 非都市編定：甲種建築用地,10000,393,持分移轉,09580035
RPRNMLKKNHIGFIB87CB,大里段,16.74,非都市：特定農業區 ; 非都市編定：甲種建築用地,10000,393,持分移轉,09580035
RPVNMLKKNHIGFIB28CB,新高鐵段,13.93,都市：商,100000,99,持分移轉,00310000
RPUNMLKKNHIGFIB18CB,新高鐵段,10.13,都市：商,100000,72,持分移轉,00310000
RPWNMLKKNHIGFIB38CB,新高鐵段,14.77,都市：商,100000,105,持分移轉,00310000
RPOOMLKKNHIGFIB67CB,新高鐵段,10.83,都市：商,100000,77,持分移轉,00310000
RPXNMLKKNHIGFIB48CB,新高鐵段,17.87,都市：商,100000,127,持分移轉,00310000
RPQOMLKKNHIGFIB87CB,新高鐵段,13.93,都市：商,100000,99,持分移轉,00310000
RPPOMLKKNHIGFIB77CB,新高鐵段,16.88,都市：商,100000,120,持分移轉,00310000
RPROMLKKNHIGFIB97CB,新高鐵段,13.93,都市：商,100000,99,持分移轉,00310000
RPSOMLKKNHIGFIB08CB,新高鐵段,14.21,都市：商,100000,101,持分移轉,00310000
RPQNMLKKNHIGFCB17CB,建功段,17.38,都市：住,100000,246,持分移轉,00310000
RPQNMLKKNHIGFCB17CB,建功段,.31,都市：住,100000,25,持分移轉,00310001
RPRNMLKKNHIGFCB27CB,建功段,17.38,都市：住,100000,246,持分移轉,00310000
RPRNMLKKNHIGFCB27CB,建功段,.31,都市：住,100000,25,持分移轉,00310001
RPSNMLKKNHIGFCB37CB,惠國段,13.96,都市：其他:第六種新市政中心專用區,100000,768,持分移轉,01010000
RPUNMLKKNHIGFCB57CB,何厝段,11.08,都市：商,100000,201,持分移轉,00870000
RPTNMLKKNHIGFCB47CB,建功段,14.77,都市：住,100000,209,持分移轉,00310000
RPTNMLKKNHIGFCB47CB,建功段,.26,都市：住,100000,21,持分移轉,00310001
RPQOMLKKNHIGFCB27CB,惠來厝段,2.58,都市：住,100000,392,持分移轉,03050000
RPQOMLKKNHIGFCB27CB,惠來厝段,8.70,都市：住,100000,392,持分移轉,03110000
RPQOMLKKNHIGFCB27CB,惠來厝段,10.98,都市：住,100000,392,持分移轉,03140000
RPOOMLKKNHIGFCB07CB,西屯段,25.62,都市：住,10000,102,持分移轉,22590000
RPQOMLKKNHIGFCB27CB,惠來厝段,.47,都市：住,100000,392,持分移轉,03140003
RPVNMLKKNHIGFCB67CB,西屯段,25.62,都市：住,10000,102,持分移轉,22590000
RPWNMLKKNHIGFCB77CB,大進段,1.13,都市：住,100000,1040,持分移轉,09150001
RPWNMLKKNHIGFCB77CB,大進段,1.13,都市：住,100000,1040,持分移轉,09150002
RPPOMLKKNHIGFCB17CB,惠來厝段,2.58,都市：住,100000,392,持分移轉,03050000
RPWNMLKKNHIGFCB77CB,大進段,1.13,都市：住,100000,1040,持分移轉,09150003
RPPOMLKKNHIGFCB17CB,惠來厝段,8.70,都市：住,100000,392,持分移轉,03110000
RPWNMLKKNHIGFCB77CB,大進段,1.13,都市：住,100000,1040,持分移轉,09150004
RPPOMLKKNHIGFCB17CB,惠來厝段,10.98,都市：住,100000,392,持分移轉,03140000
RPWNMLKKNHIGFCB77CB,大進段,1.13,都市：住,100000,1040,持分移轉,09150005
RPPOMLKKNHIGFCB17CB,惠來厝段,.47,都市：住,100000,392,持分移轉,03140003
RPWNMLKKNHIGFCB77CB,大進段,1.13,都市：住,100000,1040,持分移轉,09150006
RPWNMLKKNHIGFCB77CB,大進段,1.13,都市：住,100000,1040,持分移轉,09150007
RPWNMLKKNHIGFCB77CB,大進段,1.13,都市：住,100000,1040,持分移轉,09150008
RPWNMLKKNHIGFCB77CB,大進段,1.13,都市：住,100000,1040,持分移轉,09150009
RPWNMLKKNHIGFCB77CB,大進段,1.14,都市：住,100000,1040,持分移轉,09150010
RPWNMLKKNHIGFCB77CB,大進段,1.14,都市：住,100000,1040,持分移轉,09150011
RPWNMLKKNHIGFCB77CB,大進段,.66,都市：住,100000,1040,持分移轉,09280000
RPWNMLKKNHIGFCB77CB,大進段,1.90,都市：住,100000,1040,持分移轉,09280005
RPWNMLKKNHIGFCB77CB,大進段,.67,都市：住,100000,1040,持分移轉,09300000
RPWNMLKKNHIGFCB77CB,大進段,.67,都市：住,100000,1040,持分移轉,09300001
RPWNMLKKNHIGFCB77CB,大進段,1.99,都市：住,100000,1040,持分移轉,09300002
RPXNMLKKNHIGFCB87CB,大進段,1.13,都市：住,100000,1034,持分移轉,09150001
RPWNMLKKNHIGFCB77CB,大進段,1.99,都市：住,100000,1040,持分移轉,09300003
RPXNMLKKNHIGFCB87CB,大進段,1.13,都市：住,100000,1034,持分移轉,09150002
RPXNMLKKNHIGFCB87CB,大進段,1.13,都市：住,100000,1034,持分移轉,09150003
RPXNMLKKNHIGFCB87CB,大進段,1.13,都市：住,100000,1034,持分移轉,09150004
RPXNMLKKNHIGFCB87CB,大進段,1.13,都市：住,100000,1034,持分移轉,09150005
RPXNMLKKNHIGFCB87CB,大進段,1.13,都市：住,100000,1034,持分移轉,09150006
RPXNMLKKNHIGFCB87CB,大進段,1.13,都市：住,100000,1034,持分移轉,09150007
RPXNMLKKNHIGFCB87CB,大進段,1.13,都市：住,100000,1034,持分移轉,09150008
RPXNMLKKNHIGFCB87CB,大進段,1.13,都市：住,100000,1034,持分移轉,09150009
RPXNMLKKNHIGFCB87CB,大進段,1.14,都市：住,100000,1034,持分移轉,09150010
RPXNMLKKNHIGFCB87CB,大進段,1.14,都市：住,100000,1034,持分移轉,09150011
RPXNMLKKNHIGFCB87CB,大進段,.65,都市：住,100000,1034,持分移轉,09280000
RPXNMLKKNHIGFCB87CB,大進段,1.89,都市：住,100000,1034,持分移轉,09280005
RPROMLKKNHIGFCB37CB,福德段,9.42,都市：住,100000,1076,持分移轉,00370000
RPROMLKKNHIGFCB37CB,福德段,10.74,都市：住,100000,1076,持分移轉,00420000
RPXNMLKKNHIGFCB87CB,大進段,.66,都市：住,100000,1034,持分移轉,09300000
RPXNMLKKNHIGFCB87CB,大進段,.66,都市：住,100000,1034,持分移轉,09300001
RPXNMLKKNHIGFCB87CB,大進段,1.97,都市：住,100000,1034,持分移轉,09300002
RPXNMLKKNHIGFCB87CB,大進段,1.97,都市：住,100000,1034,持分移轉,09300003
RPSOMLKKNHIGFCB47CB,大進段,.96,都市：住,100000,882,持分移轉,09150001
RPSOMLKKNHIGFCB47CB,大進段,.96,都市：住,100000,882,持分移轉,09150002
RPSOMLKKNHIGFCB47CB,大進段,.96,都市：住,100000,882,持分移轉,09150003
RPSOMLKKNHIGFCB47CB,大進段,.96,都市：住,100000,882,持分移轉,09150004
RPSOMLKKNHIGFCB47CB,大進段,.96,都市：住,100000,882,持分移轉,09150005
RPSOMLKKNHIGFCB47CB,大進段,.96,都市：住,100000,882,持分移轉,09150006
RPSOMLKKNHIGFCB47CB,大進段,.96,都市：住,100000,882,持分移轉,09150007
RPSOMLKKNHIGFCB47CB,大進段,.96,都市：住,100000,882,持分移轉,09150008
RPSOMLKKNHIGFCB47CB,大進段,.96,都市：住,100000,882,持分移轉,09150009
RPSOMLKKNHIGFCB47CB,大進段,.97,都市：住,100000,882,持分移轉,09150010
RPSOMLKKNHIGFCB47CB,大進段,.97,都市：住,100000,882,持分移轉,09150011
RPSOMLKKNHIGFCB47CB,大進段,.56,都市：住,100000,882,持分移轉,09280000
RPSOMLKKNHIGFCB47CB,大進段,1.61,都市：住,100000,882,持分移轉,09280005
RPSOMLKKNHIGFCB47CB,大進段,.56,都市：住,100000,882,持分移轉,09300000
RPSOMLKKNHIGFCB47CB,大進段,.56,都市：住,100000,882,持分移轉,09300001
RPSOMLKKNHIGFCB47CB,大進段,1.68,都市：住,100000,882,持分移轉,09300002
RPSOMLKKNHIGFCB47CB,大進段,1.68,都市：住,100000,882,持分移轉,09300003
RPTOMLKKNHIGFCB57CB,大進段,1.13,都市：住,100000,1040,持分移轉,09150001
RPTOMLKKNHIGFCB57CB,大進段,1.13,都市：住,100000,1040,持分移轉,09150002
RPTOMLKKNHIGFCB57CB,大進段,1.13,都市：住,100000,1040,持分移轉,09150003
RPTOMLKKNHIGFCB57CB,大進段,1.13,都市：住,100000,1040,持分移轉,09150004
RPTOMLKKNHIGFCB57CB,大進段,1.13,都市：住,100000,1040,持分移轉,09150005
RPTOMLKKNHIGFCB57CB,大進段,1.13,都市：住,100000,1040,持分移轉,09150006
RPTOMLKKNHIGFCB57CB,大進段,1.13,都市：住,100000,1040,持分移轉,09150007
RPTOMLKKNHIGFCB57CB,大進段,1.13,都市：住,100000,1040,持分移轉,09150008
RPTOMLKKNHIGFCB57CB,大進段,1.13,都市：住,100000,1040,持分移轉,09150009
RPTOMLKKNHIGFCB57CB,大進段,1.14,都市：住,100000,1040,持分移轉,09150010
RPTOMLKKNHIGFCB57CB,大進段,1.14,都市：住,100000,1040,持分移轉,09150011
RPTOMLKKNHIGFCB57CB,大進段,.66,都市：住,100000,1040,持分移轉,09280000
RPTOMLKKNHIGFCB57CB,大進段,1.90,都市：住,100000,1040,持分移轉,09280005
RPTOMLKKNHIGFCB57CB,大進段,.67,都市：住,100000,1040,持分移轉,09300000
RPTOMLKKNHIGFCB57CB,大進段,.67,都市：住,100000,1040,持分移轉,09300001
RPUOMLKKNHIGFCB67CB,豐富段,15.31,都市：商,100000,771,持分移轉,04330000
RPTOMLKKNHIGFCB57CB,大進段,1.99,都市：住,100000,1040,持分移轉,09300002
RPTOMLKKNHIGFCB57CB,大進段,1.99,都市：住,100000,1040,持分移轉,09300003
RPVOMLKKNHIGFCB77CB,豐富段,18.67,都市：商,100000,940,持分移轉,04330000
RPWOMLKKNHIGFCB87CB,豐富段,18.67,都市：商,100000,940,持分移轉,04330000
RPPPMLKKNHIGFCB27CB,惠來厝段,1.71,都市：住,100000,261,持分移轉,03050000
RPPPMLKKNHIGFCB27CB,惠來厝段,5.79,都市：住,100000,261,持分移轉,03110000
RPPPMLKKNHIGFCB27CB,惠來厝段,7.31,都市：住,100000,261,持分移轉,03140000
RPPPMLKKNHIGFCB27CB,惠來厝段,.31,都市：住,100000,261,持分移轉,03140003
RPQPMLKKNHIGFCB37CB,福德段,9.42,都市：住,100000,1076,持分移轉,00370000
RPQPMLKKNHIGFCB37CB,福德段,10.74,都市：住,100000,1076,持分移轉,00420000
RPXOMLKKNHIGFCB97CB,豐富段,18.67,都市：商,100000,940,持分移轉,04330000
RPRPMLKKNHIGFCB47CB,福德段,5.89,都市：住,100000,673,持分移轉,00370000
RPRPMLKKNHIGFCB47CB,福德段,6.72,都市：住,100000,673,持分移轉,00420000
RPOPMLKKNHIGFCB17CB,豐富段,18.67,都市：商,100000,940,持分移轉,04330000
RPSPMLKKNHIGFCB57CB,中正段,.19,都市：商,100000,207,持分移轉,02350000
RPSPMLKKNHIGFCB57CB,中正段,9.93,都市：商,100000,207,持分移轉,02280000
RPTPMLKKNHIGFCB67CB,中正段,.19,都市：商,100000,215,持分移轉,02350000
RPTPMLKKNHIGFCB67CB,中正段,10.32,都市：商,100000,215,持分移轉,02280000
RPRNMLLKNHIGFCB37CB,田心段,25.80,都市：住,1000000,5757,持分移轉,14800000
RPQNMLLKNHIGFCB27CB,田心段,18.90,都市：住,1000000,4216,持分移轉,14800000
RPUPMLKKNHIGFCB77CB,中正段,.19,都市：商,100000,215,持分移轉,02350000
RPUPMLKKNHIGFCB77CB,中正段,10.32,都市：商,100000,215,持分移轉,02280000
RPSNMLLKNHIGFCB47CB,惠順段,5.10,都市：商,100000,212,持分移轉,01190000
RPPNMLLKNHIGFIB77CB,山頂段,29.83,都市：住,1000000,7416,持分移轉,07050000
RPPNMLLKNHIGFIB77CB,山頂段,4.01,都市：住,1000000,7416,持分移轉,07190000
RPQNMLLKNHIGFIB87CB,山頂段,29.83,都市：住,1000000,7416,持分移轉,07050000
RPQNMLLKNHIGFIB87CB,山頂段,4.01,都市：住,1000000,7416,持分移轉,07190000
RPPNMLLKNHIGFCB27DB,福德段,9.43,都市：住,100000,1077,持分移轉,00370000
RPPNMLLKNHIGFCB27DB,福德段,10.75,都市：住,100000,1077,持分移轉,00420000
RPTNMLLKNHIGFCB57CB,惠順段,5.61,都市：商,100000,233,持分移轉,01190000
RPRNMLLKNHIGFIB97CB,山頂段,21.98,都市：住,1000000,5465,持分移轉,07050000
RPRNMLLKNHIGFIB97CB,山頂段,2.95,都市：住,1000000,5465,持分移轉,07190000
RPSNMLLKNHIGFIB08CB,山頂段,29.83,都市：住,1000000,7416,持分移轉,07050000
RPSNMLLKNHIGFIB08CB,山頂段,4.01,都市：住,1000000,7416,持分移轉,07190000
RPVNMLLKNHIGFIB38CB,山頂段,20.58,都市：住,1000000,5118,持分移轉,07050000
RPVNMLLKNHIGFIB38CB,山頂段,2.77,都市：住,1000000,5118,持分移轉,07190000
RPUNMLLKNHIGFIB28CB,山頂段,29.83,都市：住,1000000,7416,持分移轉,07050000
RPUNMLLKNHIGFIB28CB,山頂段,4.01,都市：住,1000000,7416,持分移轉,07190000
RPWNMLLKNHIGFIB48CB,山頂段,29.57,都市：住,1000000,7353,持分移轉,07050000
RPWNMLLKNHIGFIB48CB,山頂段,3.97,都市：住,1000000,7353,持分移轉,07190000
RPXNMLLKNHIGFIB58CB,山頂段,29.92,都市：住,1000000,7439,持分移轉,07050000
RPXNMLLKNHIGFIB58CB,山頂段,4.02,都市：住,1000000,7439,持分移轉,07190000
RPTNMLLKNHIGFIB18CB,山頂段,29.83,都市：住,1000000,7416,持分移轉,07050000
RPTNMLLKNHIGFIB18CB,山頂段,4.01,都市：住,1000000,7416,持分移轉,07190000
RPQNMLLKNHIGFJB97CB,福平段,18.34,都市：商,100000,773,持分移轉,08730000
RPOOMLLKNHIGFIB77CB,山頂段,29.92,都市：住,1000000,7439,持分移轉,07050000
RPOOMLLKNHIGFIB77CB,山頂段,4.02,都市：住,1000000,7439,持分移轉,07190000
RPPNMLLKNHIGFJB87CB,福平段,13.86,都市：商,100000,584,持分移轉,08730000
RPPNMLLKNHIGFDB27CB,墩北段,80.20,非都市：特定農業區 ; 非都市編定：甲種建築用地,1,1,全筆移轉,04300029
RPPNMLLKNHIGFDB27CB,墩北段,19.61,非都市：特定農業區 ; 非都市編定：甲種建築用地,19,1,持分移轉,04300039
RPQNMLLKNHIGFDB37CB,四月段,27.90,非都市：特定農業區 ; 非都市編定：甲種建築用地,100000,1100,持分移轉,00480000
RPRNMLLKNHIGFDB47CB,四月段,23.69,非都市：特定農業區 ; 非都市編定：甲種建築用地,100000,934,持分移轉,00480000
RPTNMLLKNHIGFDB67CB,豐社段,68.20,都市：住,1,1,全筆移轉,02930002
RPTNMLLKNHIGFDB67CB,豐社段,20.01,都市：住,100000,11108,持分移轉,02930000
RPTNMLLKNHIGFDB67CB,豐社段,12.96,都市：住,100000,5555,持分移轉,02950000
RPQNMLLKNHIGFFB67DB,梧棲段,11.17,都市：商,10000,30,持分移轉,27810000
RPPNMLLKNHIGFFB57DB,梧棲段,11.17,都市：商,10000,30,持分移轉,27810000
RPPNMLLKNHIGFKB97CB,竹泉段,75.00,都市：住,1,1,全筆移轉,02640019
RPPNMLLKNHIGFKB97CB,竹泉段,21.80,都市：住,20,1,持分移轉,02640024
RPQNMLLKNHIGFBB17CB,溝背段,26.03,都市：住,10000,72,持分移轉,01050000
RPPNMLLKNHIGFBB07CB,溝背段,31.10,都市：住,10000,86,持分移轉,01050000
RPPNMLLKNHIGFGB57CB,東豐段,16.13,都市：住,100000,950,持分移轉,00290000
RPPNMLLKNHIGFGB57CB,東豐段,5.83,都市：住,100000,950,持分移轉,00350000
RPPNMLLKNHIGFGB57CB,東豐段,6.38,都市：住,100000,950,持分移轉,00360000
RPPNMLLKNHIGFGB57CB,東豐段,3.43,都市：住,100000,950,持分移轉,00370000
RPRNMLLKNHIGFBB27CB,溝背段,24.59,都市：住,10000,68,持分移轉,01050000
RPVNMLLKNHIGFBB67CB,溝背段,22.06,都市：住,10000,61,持分移轉,01050000
RPTNMLLKNHIGFBB47CB,溝背段,26.03,都市：住,10000,72,持分移轉,01050000
RPUNMLLKNHIGFBB57CB,溝背段,22.06,都市：住,10000,61,持分移轉,01050000
RPWNMLLKNHIGFBB77CB,溝背段,26.03,都市：住,10000,72,持分移轉,01050000
RPSNMLLKNHIGFBB37CB,溝背段,24.59,都市：住,10000,68,持分移轉,01050000
RPXNMLLKNHIGFBB87CB,溝背段,24.59,都市：住,10000,68,持分移轉,01050000
RPQOMLLKNHIGFBB27CB,仁平段,60.27,都市：住,100000,1262,持分移轉,02660000
RPPOMLLKNHIGFBB17CB,美和段,6.99,都市：住,100000,1274,持分移轉,03070000
RPPOMLLKNHIGFBB17CB,美和段,8.39,都市：住,100000,1274,持分移轉,03080000
RPPOMLLKNHIGFBB17CB,美和段,5.44,都市：住,100000,1274,持分移轉,03090000
RPPOMLLKNHIGFBB17CB,美和段,5.69,都市：住,100000,1274,持分移轉,03100000
RPPOMLLKNHIGFBB17CB,美和段,4.56,都市：住,100000,1274,持分移轉,03110000
RPOOMLLKNHIGFBB07CB,溝背段,26.03,都市：住,10000,72,持分移轉,01050000
RPPOMLLKNHIGFBB17CB,美和段,4.63,都市：住,100000,1274,持分移轉,03120000
RPPOMLLKNHIGFBB17CB,美和段,3.95,都市：住,100000,1274,持分移轉,03160000
RPPOMLLKNHIGFBB17CB,美和段,4.11,都市：住,100000,1274,持分移轉,03170000
RPPOMLLKNHIGFBB17CB,美和段,2.91,都市：住,100000,1274,持分移轉,03180000
RPPOMLLKNHIGFBB17CB,美和段,3.25,都市：住,100000,1274,持分移轉,03190000
RPPOMLLKNHIGFBB17CB,美和段,5.50,都市：住,100000,1274,持分移轉,03200000
RPPNMLLKNHIGFAB96CB,樹子腳段,11.57,都市：住,100000,181,持分移轉,06700000
RPPNMLLKNHIGFAB96CB,樹子腳段,11.82,都市：住,100000,181,持分移轉,06750000
RPSNMLLKNHIGFAB27CB,樹子腳段,11.25,都市：住,100000,176,持分移轉,06700000
RPSNMLLKNHIGFAB27CB,樹子腳段,11.50,都市：住,100000,176,持分移轉,06750000
RPQNMLLKNHIGFAB07CB,樹子腳段,26.34,都市：住,100000,412,持分移轉,06700000
RPQNMLLKNHIGFAB07CB,樹子腳段,26.92,都市：住,100000,412,持分移轉,06750000
RPRNMLLKNHIGFAB17CB,樹子腳段,12.27,都市：住,100000,192,持分移轉,06700000
RPRNMLLKNHIGFAB17CB,樹子腳段,12.54,都市：住,100000,192,持分移轉,06750000
RPOOMLLKNHIGFAB96CB,下橋子頭段,.34,都市：住,100000,1877,持分移轉,00800002
RPOOMLLKNHIGFAB96CB,下橋子頭段,.17,都市：住,100000,1877,持分移轉,00800016
RPOOMLLKNHIGFAB96CB,下橋子頭段,.15,都市：住,100000,1877,持分移轉,00800061
RPOOMLLKNHIGFAB96CB,下橋子頭段,9.59,都市：住,100000,1877,持分移轉,00830005
RPOOMLLKNHIGFAB96CB,下橋子頭段,5.29,都市：住,100000,1877,持分移轉,00830056
RPOOMLLKNHIGFAB96CB,下橋子頭段,1.24,都市：住,100000,1877,持分移轉,00840009
RPQOMLLKNHIGFAB17CB,下橋子頭段,.40,都市：住,100000,2231,持分移轉,00800002
RPQOMLLKNHIGFAB17CB,下橋子頭段,.20,都市：住,100000,2231,持分移轉,00800016
RPQOMLLKNHIGFAB17CB,下橋子頭段,.18,都市：住,100000,2231,持分移轉,00800061
RPQOMLLKNHIGFAB17CB,下橋子頭段,11.40,都市：住,100000,2231,持分移轉,00830005
RPQOMLLKNHIGFAB17CB,下橋子頭段,6.29,都市：住,100000,2231,持分移轉,00830056
RPQOMLLKNHIGFAB17CB,下橋子頭段,1.47,都市：住,100000,2231,持分移轉,00840009
RPPOMLLKNHIGFAB07CB,下橋子頭段,.42,都市：住,100000,2327,持分移轉,00800002
RPPOMLLKNHIGFAB07CB,下橋子頭段,.21,都市：住,100000,2327,持分移轉,00800016
RPPOMLLKNHIGFAB07CB,下橋子頭段,.19,都市：住,100000,2327,持分移轉,00800061
RPPOMLLKNHIGFAB07CB,下橋子頭段,11.89,都市：住,100000,2327,持分移轉,00830005
RPPOMLLKNHIGFAB07CB,下橋子頭段,6.56,都市：住,100000,2327,持分移轉,00830056
RPPOMLLKNHIGFAB07CB,下橋子頭段,1.54,都市：住,100000,2327,持分移轉,00840009
RPROMLLKNHIGFAB27CB,下橋子頭段,.36,都市：住,100000,2020,持分移轉,00800002
RPROMLLKNHIGFAB27CB,下橋子頭段,.18,都市：住,100000,2020,持分移轉,00800016
RPROMLLKNHIGFAB27CB,下橋子頭段,.16,都市：住,100000,2020,持分移轉,00800061
RPPNMLLKNHIGFHB67CB,學雅段,23.67,都市：住,100000,2854,持分移轉,03180000
RPROMLLKNHIGFAB27CB,下橋子頭段,10.32,都市：住,100000,2020,持分移轉,00830005
RPROMLLKNHIGFAB27CB,下橋子頭段,5.70,都市：住,100000,2020,持分移轉,00830056
RPQNMLLKNHIGFFB57CB,新站段,14.75,都市：住,10000,22,持分移轉,00660000
RPROMLLKNHIGFAB27CB,下橋子頭段,1.33,都市：住,100000,2020,持分移轉,00840009
RPSOMLLKNHIGFAB37CB,下橋子頭段,.42,都市：住,100000,2327,持分移轉,00800002
RPSOMLLKNHIGFAB37CB,下橋子頭段,.21,都市：住,100000,2327,持分移轉,00800016
RPSOMLLKNHIGFAB37CB,下橋子頭段,.19,都市：住,100000,2327,持分移轉,00800061
RPSOMLLKNHIGFAB37CB,下橋子頭段,11.89,都市：住,100000,2327,持分移轉,00830005
RPSOMLLKNHIGFAB37CB,下橋子頭段,6.56,都市：住,100000,2327,持分移轉,00830056
RPSOMLLKNHIGFAB37CB,下橋子頭段,1.54,都市：住,100000,2327,持分移轉,00840009
RPRNMLLKNHIGFFB67CB,新站段,22.12,都市：住,10000,33,持分移轉,00660000
RPSNMLLKNHIGFFB77CB,新站段,22.12,都市：住,10000,33,持分移轉,00660000
RPTNMLLKNHIGFFB87CB,新站段,22.12,都市：住,10000,33,持分移轉,00660000
RPVNMLLKNHIGFFB08CB,新站段,38.88,都市：住,10000,58,持分移轉,00660000
RPUNMLLKNHIGFFB97CB,新站段,14.75,都市：住,10000,22,持分移轉,00660000
RPWNMLLKNHIGFFB18CB,南簡段,27.75,都市：住,100000,6086,持分移轉,10490000
RPXNMLLKNHIGFFB28CB,市鎮南段,13.23,都市：商,100000,59,持分移轉,00970000
RPQOMLLKNHIGFFB67CB,市鎮南段,6.73,都市：商,100000,30,持分移轉,00970000
RPOOMLLKNHIGFFB47CB,市鎮南段,9.42,都市：商,100000,42,持分移轉,00970000
RPPOMLLKNHIGFFB57CB,市鎮南段,9.42,都市：商,100000,42,持分移轉,00970000
RPROMLLKNHIGFFB77CB,市鎮南段,7.62,都市：商,100000,34,持分移轉,00970000
RPSOMLLKNHIGFFB87CB,市鎮南段,7.62,都市：商,100000,34,持分移轉,00970000
RPTOMLLKNHIGFFB97CB,市鎮南段,7.62,都市：商,100000,34,持分移轉,00970000
RPVOMLLKNHIGFFB18CB,紅竹段,22.03,都市：住,100000,1472,持分移轉,03030001
RPUOMLLKNHIGFFB08CB,紅竹段,15.28,都市：住,100000,1021,持分移轉,03030001
RPPNMLLKNHIGFEB37CB,水美東段,27.50,非都市：特定農業區 ; 非都市編定：甲種建築用地,18,1,持分移轉,04410000
RPPNMLLKNHIGFEB37CB,水美東段,1.48,非都市：特定農業區 ; 非都市編定：甲種建築用地,18,1,持分移轉,04200000
RPRNMLMKNHIGFAB27CB,重慶段三小段,14.69,都市：商,1000,33,持分移轉,00200035
RPSNMLLKNHIGFEB67CB,臨江段,27.66,都市：住,168045,2766,持分移轉,08950000
RPQNMLLKNHIGFEB47CB,文安段,20.24,非都市：鄉村區 ; 非都市編定：乙種建築用地,39,1,持分移轉,07710004
RPQNMLLKNHIGFEB47CB,文安段,77.46,非都市：鄉村區 ; 非都市編定：乙種建築用地,1,1,全筆移轉,07710003
RPRNMLLKNHIGFEB57CB,水美東段,27.50,非都市：特定農業區 ; 非都市編定：甲種建築用地,18,1,持分移轉,04410000
RPRNMLLKNHIGFEB57CB,水美東段,1.48,非都市：特定農業區 ; 非都市編定：甲種建築用地,18,1,持分移轉,04200000
RPWOMLLKNHIGFFB28CB,紅竹段,15.28,都市：住,100000,1021,持分移轉,03030001
RPSNMLMKNHIGFAB37CB,樹子腳段,16.66,都市：住,100000,3365,持分移轉,00070000
RPPNMLMKNHIGFBB17CB,崇德段,17.53,都市：商,100000,726,持分移轉,03820000
RPQNMLMKNHIGFBB27CB,溝背段,19.76,都市：住,100000,531,持分移轉,01430000
RPSNMLMKNHIGFBB47CB,北屯段,17.92,都市：住,10000,48,持分移轉,02140000
RPRNMLMKNHIGFBB37CB,溝背段,20.46,都市：住,100000,790,持分移轉,00910000
RPUNMLMKNHIGFBB67CB,東山段,21.24,都市：住,10000,124,持分移轉,03150000
RPTNMLMKNHIGFBB57CB,北屯段,17.17,都市：住,10000,46,持分移轉,02140000
RPVNMLMKNHIGFBB77CB,東山段,21.24,都市：住,10000,124,持分移轉,03150000
RPWNMLMKNHIGFBB87CB,東山段,21.58,都市：住,10000,126,持分移轉,03150000
RPXNMLMKNHIGFBB97CB,東山段,21.58,都市：住,10000,126,持分移轉,03150000
RPPNMLMKNHIGFDB37CB,中和東段,21.73,都市：住,100000,990,持分移轉,12000000
RPOOMLMKNHIGFBB17CB,東山段,21.76,都市：住,10000,127,持分移轉,03150000
RPQNMLMKNHIGFDB47CB,中和東段,30.78,都市：住,100000,1402,持分移轉,12000000
RPPNMLMKNHIGFIB87CB,新榮泉段,21.87,都市：商,100000,1130,持分移轉,00250000
RPSNMLMKNHIGFIB18CB,新高鐵段,16.05,都市：商,100000,277,持分移轉,00570000
RPQNMLMKNHIGFIB97CB,新榮泉段,21.87,都市：商,100000,1130,持分移轉,00250000
RPRNMLMKNHIGFIB08CB,新榮泉段,21.87,都市：商,100000,1130,持分移轉,00250000
RPTNMLMKNHIGFIB28CB,新高鐵段,18.37,都市：商,100000,317,持分移轉,00570000
RPTNMLMKNHIGFCB67CB,惠來厝段,2.96,都市：住,100000,451,持分移轉,03050000
RPTNMLMKNHIGFCB67CB,惠來厝段,10.01,都市：住,100000,451,持分移轉,03110000
RPTNMLMKNHIGFCB67CB,惠來厝段,12.63,都市：住,100000,451,持分移轉,03140000
RPTNMLMKNHIGFCB67CB,惠來厝段,.54,都市：住,100000,451,持分移轉,03140003
RPQNMLMKNHIGFCB37CB,惠安段,28.89,都市：住,1000,42,持分移轉,00910000
RPSNMLMKNHIGFCB57CB,惠來厝段,1.84,都市：住,100000,280,持分移轉,03050000
RPSNMLMKNHIGFCB57CB,惠來厝段,6.21,都市：住,100000,280,持分移轉,03110000
RPSNMLMKNHIGFCB57CB,惠來厝段,7.84,都市：住,100000,280,持分移轉,03140000
RPSNMLMKNHIGFCB57CB,惠來厝段,.34,都市：住,100000,280,持分移轉,03140003
RPRNMLMKNHIGFCB47CB,惠安段,28.89,都市：住,1000,42,持分移轉,00910000
RPXNMLMKNHIGFCB08CB,惠順段,7.49,都市：商,100000,311,持分移轉,01190000
RPVNMLMKNHIGFCB87CB,惠順段,7.92,都市：商,100000,329,持分移轉,01190000
RPOOMLMKNHIGFCB27CB,惠順段,7.53,都市：商,100000,313,持分移轉,01190000
RPUNMLMKNHIGFCB77CB,惠來厝段,2.38,都市：住,100000,362,持分移轉,03050000
RPUNMLMKNHIGFCB77CB,惠來厝段,8.03,都市：住,100000,362,持分移轉,03110000
RPUNMLMKNHIGFCB77CB,惠來厝段,10.14,都市：住,100000,362,持分移轉,03140000
RPUNMLMKNHIGFCB77CB,惠來厝段,.43,都市：住,100000,362,持分移轉,03140003
RPWNMLMKNHIGFCB97CB,惠順段,5.61,都市：商,100000,233,持分移轉,01190000
RPPOMLMKNHIGFCB37CB,惠順段,7.97,都市：商,100000,331,持分移轉,01190000
RPSOMLMKNHIGFCB67CB,上石碑段,5.15,都市：住,10000,193,持分移轉,13320000
RPSOMLMKNHIGFCB67CB,上石碑段,3.36,都市：住,10000,193,持分移轉,13330000
RPROMLMKNHIGFCB57CB,惠順段,5.46,都市：商,100000,227,持分移轉,01190000
RPQOMLMKNHIGFCB47CB,惠順段,5.46,都市：商,100000,227,持分移轉,01190000
RPTOMLMKNHIGFCB77CB,惠順段,7.68,都市：商,100000,319,持分移轉,01190000
RPQNMLNKNHIGFCB47CB,廣福段,21.53,都市：農,100000,793,持分移轉,03360000
RPUOMLMKNHIGFCB87CB,惠順段,7.68,都市：商,100000,319,持分移轉,01190000
RPRNMLNKNHIGFCB57CB,廣福段,19.28,都市：農,100000,710,持分移轉,03360000
RPPNMLNKNHIGFCB37CB,廣福段,26.94,都市：農,100000,992,持分移轉,03360000
RPSNMLNKNHIGFCB67CB,廣福段,29.38,都市：農,100000,1082,持分移轉,03360000
RPOOMLNKNHIGFCB37CB,文商段,7.02,都市：商,100000,374,持分移轉,00190000
RPOOMLNKNHIGFCB37CB,文商段,7.02,都市：商,100000,374,持分移轉,00200000
RPWNMLNKNHIGFCB08CB,文商段,7.02,都市：商,100000,374,持分移轉,00190000
RPWNMLNKNHIGFCB08CB,文商段,7.02,都市：商,100000,374,持分移轉,00200000
RPTNMLNKNHIGFCB77CB,文商段,7.70,都市：商,100000,410,持分移轉,00190000
RPXNMLNKNHIGFCB18CB,豐業段,24.28,都市：住,100000,981,持分移轉,01340000
RPTNMLNKNHIGFCB77CB,文商段,7.69,都市：商,100000,410,持分移轉,00200000
RPSOMLNKNHIGFCB77CB,文商段,7.02,都市：商,100000,374,持分移轉,00190000
RPSOMLNKNHIGFCB77CB,文商段,7.02,都市：商,100000,374,持分移轉,00200000
RPQOMLNKNHIGFCB57CB,文商段,7.02,都市：商,100000,374,持分移轉,00190000
RPPOMLNKNHIGFCB47CB,文商段,7.02,都市：商,100000,374,持分移轉,00190000
RPQOMLNKNHIGFCB57CB,文商段,7.02,都市：商,100000,374,持分移轉,00200000
RPPOMLNKNHIGFCB47CB,文商段,7.02,都市：商,100000,374,持分移轉,00200000
RPTOMLNKNHIGFCB87CB,文商段,7.02,都市：商,100000,374,持分移轉,00190000
RPTOMLNKNHIGFCB87CB,文商段,7.02,都市：商,100000,374,持分移轉,00200000
RPVOMLNKNHIGFCB08CB,文商段,7.02,都市：商,100000,374,持分移轉,00190000
RPVOMLNKNHIGFCB08CB,文商段,7.02,都市：商,100000,374,持分移轉,00200000
RPUOMLNKNHIGFCB97CB,文商段,7.02,都市：商,100000,374,持分移轉,00190000
RPUOMLNKNHIGFCB97CB,文商段,7.02,都市：商,100000,374,持分移轉,00200000
RPWOMLNKNHIGFCB18CB,豐業段,24.28,都市：住,100000,981,持分移轉,01340000
RPOPMLNKNHIGFCB47CB,文商段,7.02,都市：商,100000,374,持分移轉,00190000
RPOPMLNKNHIGFCB47CB,文商段,7.02,都市：商,100000,374,持分移轉,00200000
RPQPMLNKNHIGFCB67CB,信安段,20.60,都市：住,10000,177,持分移轉,00640000
RPQPMLNKNHIGFCB67CB,信安段,14.05,都市：住,10000,177,持分移轉,00640001
RPVPMLNKNHIGFCB18CB,文商段,7.02,都市：商,100000,374,持分移轉,00190000
RPVPMLNKNHIGFCB18CB,文商段,7.02,都市：商,100000,374,持分移轉,00200000
RPQQMLNKNHIGFCB77CB,文商段,7.02,都市：商,100000,374,持分移轉,00190000
RPQQMLNKNHIGFCB77CB,文商段,7.02,都市：商,100000,374,持分移轉,00200000
RPXPMLNKNHIGFCB38CB,文商段,7.02,都市：商,100000,374,持分移轉,00190000
RPXPMLNKNHIGFCB38CB,文商段,7.02,都市：商,100000,374,持分移轉,00200000
RPOQMLNKNHIGFCB57CB,文商段,7.02,都市：商,100000,374,持分移轉,00190000
RPOQMLNKNHIGFCB57CB,文商段,7.02,都市：商,100000,374,持分移轉,00200000
RPPQMLNKNHIGFCB67CB,文商段,7.02,都市：商,100000,374,持分移轉,00190000
RPPQMLNKNHIGFCB67CB,文商段,7.02,都市：商,100000,374,持分移轉,00200000
RPRQMLNKNHIGFCB87CB,文商段,7.02,都市：商,100000,374,持分移轉,00190000
RPRQMLNKNHIGFCB87CB,文商段,7.02,都市：商,100000,374,持分移轉,00200000
RPTQMLNKNHIGFCB08CB,文商段,7.02,都市：商,100000,374,持分移轉,00190000
RPTQMLNKNHIGFCB08CB,文商段,7.02,都市：商,100000,374,持分移轉,00200000
RPUQMLNKNHIGFCB18CB,文商段,7.02,都市：商,100000,374,持分移轉,00190000
RPUQMLNKNHIGFCB18CB,文商段,7.02,都市：商,100000,374,持分移轉,00200000
RPPNMLNKNHIGFIB97CB,大忠段,27.43,都市：住,100000,2620,持分移轉,02020000
RPPNMLNKNHIGFDB47CB,公安段,15.49,都市：住,36,1,持分移轉,07550018
RPPNMLNKNHIGFDB47CB,公安段,21.02,都市：住,36,1,持分移轉,08960000
RPRNMLNKNHIGFDB67CB,大洲段,34.75,都市：住,10000,131,持分移轉,04770000
RPQNMLNKNHIGFDB57CB,大洲段,35.01,都市：住,10000,132,持分移轉,04770000
RPSNMLNKNHIGFDB77CB,公安段,15.49,都市：住,36,1,持分移轉,07550018
RPSNMLNKNHIGFDB77CB,公安段,21.02,都市：住,36,1,持分移轉,08960000
RPTNMLNKNHIGFDB87CB,公安段,15.49,都市：住,36,1,持分移轉,07550018
RPTNMLNKNHIGFDB87CB,公安段,21.02,都市：住,36,1,持分移轉,08960000
RPUNMLNKNHIGFDB97CB,大洲段,31.03,都市：住,10000,117,持分移轉,04770000
RPPNMLNKNHIGFBB27CB,竹興段,74.13,都市：住,1,1,全筆移轉,00780036
RPPNMLNKNHIGFBB27CB,竹興段,161.73,都市：住,1000,334,持分移轉,00780047
RPPNMLNKNHIGFBB27CB,竹興段,2.62,都市：住,38,1,持分移轉,00780035
RPQNMLNKNHIGFBB37CB,榮德段,49.13,都市：住,1000000,20605,持分移轉,02840000
RPPNMLNKNHIGFAB17CB,旱平段,26.83,都市：住,100000,1196,持分移轉,04060000
RPPNMLNKNHIGFFB67CB,成衣段,29.41,都市：住,10000,115,持分移轉,00050000
RPQNMLNKNHIGFFB77CB,市鎮北段,13.84,都市：商,10000,23,持分移轉,00450000
RPRNMLNKNHIGFFB87CB,市鎮北段,9.63,都市：商,10000,16,持分移轉,00450000
RPSNMLNKNHIGFFB97CB,市鎮北段,9.63,都市：商,10000,16,持分移轉,00450000
RPTNMLNKNHIGFFB08CB,市鎮北段,15.05,都市：商,10000,25,持分移轉,00450000
RPUNMLNKNHIGFFB18CB,市鎮北段,11.44,都市：商,10000,19,持分移轉,00450000
RPWNMLNKNHIGFFB38CB,市鎮北段,13.24,都市：商,10000,22,持分移轉,00450000
RPXNMLNKNHIGFFB48CB,市鎮北段,11.44,都市：商,10000,19,持分移轉,00450000
RPVNMLNKNHIGFFB28CB,市鎮北段,13.24,都市：商,10000,22,持分移轉,00450000
RPOOMLNKNHIGFFB67CB,市鎮北段,9.63,都市：商,10000,16,持分移轉,00450000
RPPOMLNKNHIGFFB77CB,市鎮北段,10.83,都市：商,10000,18,持分移轉,00450000
RPROMLNKNHIGFFB97CB,市鎮北段,9.63,都市：商,10000,16,持分移轉,00450000
RPQOMLNKNHIGFFB87CB,市鎮北段,9.63,都市：商,10000,16,持分移轉,00450000
RPTOMLNKNHIGFFB18CB,市鎮北段,11.44,都市：商,10000,19,持分移轉,00450000
RPSOMLNKNHIGFFB08CB,市鎮北段,17.46,都市：商,10000,29,持分移轉,00450000
RPUOMLNKNHIGFFB28CB,市鎮北段,13.24,都市：商,10000,22,持分移轉,00450000
RPVOMLNKNHIGFFB38CB,市鎮北段,11.44,都市：商,10000,19,持分移轉,00450000
RPWOMLNKNHIGFFB48CB,市鎮北段,9.63,都市：商,10000,16,持分移轉,00450000
RPPNMLOKNHIGFAB27CB,樹子腳段,10.35,都市：住,10000,41,持分移轉,00230000
RPPNMLOKNHIGFBB37CB,美和段,37.72,都市：住,100000,986,持分移轉,05690000
RPPNMLOKNHIGFCB47CB,文商段,7.02,都市：商,100000,374,持分移轉,00190000
RPPNMLOKNHIGFCB47CB,文商段,7.02,都市：商,100000,374,持分移轉,00200000
RPPNMLOKNHIGFFB77CB,市鎮南段,13.88,都市：商,10000,31,持分移轉,01490000
RPSNMLOKNHIGFCB77CB,文商段,7.23,都市：商,100000,385,持分移轉,00190000
RPSNMLOKNHIGFCB77CB,文商段,7.23,都市：商,100000,385,持分移轉,00200000
RPVNMLOKNHIGFCB08CB,文商段,7.02,都市：商,100000,374,持分移轉,00190000
RPVNMLOKNHIGFCB08CB,文商段,7.02,都市：商,100000,374,持分移轉,00200000
RPTNMLOKNHIGFCB87CB,文商段,7.23,都市：商,100000,385,持分移轉,00190000
RPTNMLOKNHIGFCB87CB,文商段,7.23,都市：商,100000,385,持分移轉,00200000
RPUNMLOKNHIGFCB97CB,文商段,6.99,都市：商,100000,372,持分移轉,00190000
RPUNMLOKNHIGFCB97CB,文商段,6.98,都市：商,100000,372,持分移轉,00200000
RPWNMLOKNHIGFCB18CB,文商段,7.02,都市：商,100000,374,持分移轉,00190000
RPWNMLOKNHIGFCB18CB,文商段,7.02,都市：商,100000,374,持分移轉,00200000
RPPOMLOKNHIGFCB57CB,文商段,7.02,都市：商,100000,374,持分移轉,00190000
RPPOMLOKNHIGFCB57CB,文商段,7.02,都市：商,100000,374,持分移轉,00200000
RPOOMLOKNHIGFCB47CB,文商段,7.02,都市：商,100000,374,持分移轉,00190000
RPOOMLOKNHIGFCB47CB,文商段,7.02,都市：商,100000,374,持分移轉,00200000
RPQOMLOKNHIGFCB67CB,文商段,7.27,都市：商,100000,387,持分移轉,00190000
RPQOMLOKNHIGFCB67CB,文商段,7.26,都市：商,100000,387,持分移轉,00200000
RPROMLOKNHIGFCB77CB,文商段,7.02,都市：商,100000,374,持分移轉,00190000
RPTOMLOKNHIGFCB97CB,文商段,7.02,都市：商,100000,374,持分移轉,00190000
RPROMLOKNHIGFCB77CB,文商段,7.02,都市：商,100000,374,持分移轉,00200000
RPTOMLOKNHIGFCB97CB,文商段,7.02,都市：商,100000,374,持分移轉,00200000
RPUOMLOKNHIGFCB08CB,文商段,7.02,都市：商,100000,374,持分移轉,00190000
RPUOMLOKNHIGFCB08CB,文商段,7.02,都市：商,100000,374,持分移轉,00200000
RPVOMLOKNHIGFCB18CB,文商段,7.02,都市：商,100000,374,持分移轉,00190000
RPSOMLOKNHIGFCB87CB,文商段,7.02,都市：商,100000,374,持分移轉,00190000
RPVOMLOKNHIGFCB18CB,文商段,7.02,都市：商,100000,374,持分移轉,00200000
RPSOMLOKNHIGFCB87CB,文商段,7.02,都市：商,100000,374,持分移轉,00200000
RPPNMLPKNHIGFCB57CB,楓樹段,6.26,都市：住,1000000,4815,持分移轉,04460000
RPPNMLPKNHIGFCB57CB,楓樹段,2.20,都市：住,1000000,4815,持分移轉,04470000
RPPNMLPKNHIGFCB57CB,楓樹段,2.99,都市：住,1000000,4815,持分移轉,04480000
RPPNMLPKNHIGFCB57CB,楓樹段,6.72,都市：住,1000000,4815,持分移轉,04490000
RPQNMLPKNHIGFCB67CB,楓樹段,10.99,都市：住,1000000,8455,持分移轉,04460000
RPQNMLPKNHIGFCB67CB,楓樹段,3.86,都市：住,1000000,8455,持分移轉,04470000
RPQNMLPKNHIGFCB67CB,楓樹段,5.24,都市：住,1000000,8455,持分移轉,04480000
RPQNMLPKNHIGFCB67CB,楓樹段,11.80,都市：住,1000000,8455,持分移轉,04490000
RPRNMLPKNHIGFCB77CB,南屯段,.74,都市：住,100000,1402,持分移轉,00630003
RPRNMLPKNHIGFCB77CB,南屯段,26.57,都市：住,100000,1402,持分移轉,00820000
RPPNMLPKNHIGFIB18CB,北新段,11.44,都市：住,10000,18,持分移轉,10540000
RPRNMLPKNHIGFIB38CB,北新段,22.24,都市：住,10000,35,持分移轉,10540000
RPSNMLPKNHIGFIB48CB,北新段,29.87,都市：住,10000,47,持分移轉,10540000
RPUNMLPKNHIGFIB68CB,大仁段,12.98,都市：商,100000,2700,持分移轉,01880000
RPTNMLPKNHIGFIB58CB,北新段,11.44,都市：住,10000,18,持分移轉,10540000
RPPNMLPKNHIGFDB67CB,大順段,9.52,都市：住,100000,1853,持分移轉,03090000
RPPNMLPKNHIGFDB67CB,大順段,2.70,都市：住,100000,1853,持分移轉,03100000
RPPNMLPKNHIGFJB28CB,新福段,21.60,都市：住,10000,101,持分移轉,00440000
RPPNMLPKNHIGFFB97DB,市鎮北段,18.62,都市：商,100000,380,持分移轉,03670000
RPQNMLPKNHIGFJB38CB,愛平段,31.05,都市：住,100000,1295,持分移轉,10500000
RPQNMLPKNHIGFJB38CB,福平段,2.12,都市：住,100000,1295,持分移轉,00090000
RPQNMLPKNHIGFBB57CB,碧柳段,11.49,都市：商,100000,120,持分移轉,00020000
RPRNMLPKNHIGFJB48CB,壽平段,26.00,都市：住,100000,885,持分移轉,05400000
RPRNMLPKNHIGFBB67CB,碧柳段,11.49,都市：商,100000,120,持分移轉,00020000
RPSNMLPKNHIGFBB77CB,碧柳段,7.66,都市：商,100000,80,持分移轉,00020000
RPUNMLPKNHIGFBB97CB,碧柳段,2.96,都市：住,100000,518,持分移轉,02150000
RPUNMLPKNHIGFBB97CB,碧柳段,3.22,都市：住,100000,518,持分移轉,02160000
RPUNMLPKNHIGFBB97CB,碧柳段,6.44,都市：住,100000,518,持分移轉,02170000
RPUNMLPKNHIGFBB97CB,碧柳段,10.24,都市：住,100000,518,持分移轉,02180000
RPTNMLPKNHIGFBB87CB,碧柳段,2.91,都市：住,100000,508,持分移轉,02150000
RPTNMLPKNHIGFBB87CB,碧柳段,3.16,都市：住,100000,508,持分移轉,02160000
RPTNMLPKNHIGFBB87CB,碧柳段,6.31,都市：住,100000,508,持分移轉,02170000
RPTNMLPKNHIGFBB87CB,碧柳段,10.04,都市：住,100000,508,持分移轉,02180000
RPUNMLPKNHIGFAB87CB,下橋子頭段,6.29,都市：住,100000,376,持分移轉,02030000
RPUNMLPKNHIGFAB87CB,下橋子頭段,6.17,都市：商,100000,376,持分移轉,01240053
RPSNMLPKNHIGFAB67CB,下橋子頭段,6.29,都市：住,100000,376,持分移轉,02030000
RPSNMLPKNHIGFAB67CB,下橋子頭段,6.17,都市：商,100000,376,持分移轉,01240053
RPRNMLPKNHIGFFB08CB,興安西段,28.34,都市：住,10000,62,持分移轉,00880000
RPQNMLPKNHIGFFB97CB,紅竹段,16.04,都市：住,100000,1072,持分移轉,03030001
RPSNMLPKNHIGFFB18CB,鹿寮段,69.00,都市：其他:第四種住宅區,1,1,全筆移轉,11690013
RPSNMLPKNHIGFFB18CB,鹿寮段,34.62,都市：其他:第四種住宅區,8,1,持分移轉,11690014
RPPNMLPKNHIGFFB87CB,紅竹段,15.28,都市：住,100000,1021,持分移轉,03030001
RPTNMLPKNHIGFFB28CB,紅竹段,15.28,都市：住,100000,1021,持分移轉,03030001
RPUNMLPKNHIGFFB38CB,紅竹段,15.28,都市：住,100000,1021,持分移轉,03030001
RPVNMLPKNHIGFFB48CB,紅竹段,16.04,都市：住,100000,1072,持分移轉,03030001
RPPNMLPKNHIGFIB28DB,仁美段,60.81,非都市：一般農業區 ; 非都市編定：甲種建築用地,1,1,全筆移轉,13230041
RPPNMLPKNHIGFIB28DB,仁美段,16.06,非都市：一般農業區 ; 非都市編定：甲種建築用地,50,1,持分移轉,13230000
RPPNMLPKNHIGFIB28DB,仁美段,4.29,都市：住,50,1,持分移轉,13240001
RPPNMLPKNHIGFIB28DB,仁美段,1.10,都市：住,50,1,持分移轉,13240004
RPPNMLPKNHIGFIB28DB,仁城段,1.83,非都市：鄉村區 ; 非都市編定：乙種建築用地,50,1,持分移轉,07070000
RPPNMLPKNHIGFIB28DB,仁城段,.09,非都市：鄉村區 ; 非都市編定：乙種建築用地,50,1,持分移轉,07070001
RPPNMLPKNHIGFGB97CB,復盛段,58.36,非都市：特定農業區 ; 非都市編定：甲種建築用地,1,1,全筆移轉,09550007
RPPNMLPKNHIGFGB97CB,復盛段,23.76,非都市：特定農業區 ; 非都市編定：甲種建築用地,20,1,持分移轉,09550026
RPPNMLPKNHIGFKB38CB,中社段,41.82,都市：住,542499,4182,持分移轉,07000000
RPPNMLQKNHIGFKB48CB,竹泉段,89.00,都市：農,1,1,全筆移轉,03170069
RPPNMLQKNHIGFKB48CB,竹泉段,20.10,都市：農,100000,1873,持分移轉,03170000
RPPNMLQKNHIGFKB48CB,竹泉段,.65,都市：農,100000,191,持分移轉,03160000
RPPNMLQKNHIGFKB48CB,竹泉段,18.00,都市：農,1,1,全筆移轉,04810020
RPPNMLQKNHIGFKB48CB,竹泉段,13.87,都市：農,100000,2174,持分移轉,04810001
RPPNMLQKNHIGFKB48CB,竹泉段,1.00,都市：農,1,1,全筆移轉,03170070
RPPNMLQKNHIGFGB08CB,大南段大南小段,21.30,非都市：鄉村區 ; 非都市編定：乙種建築用地,100000,3000,持分移轉,02030461
RPQNMLPKNHIGFKB48CB,龍目井段龍目井小段,23.58,都市：住,100000,2098,持分移轉,00890000
RPQNMLPKNHIGFKB48CB,龍目井段龍目井小段,9.10,都市：住,50,1,持分移轉,00890006
RPSNMLQKNHIGFFB28CB,新站段,21.04,都市：住,10000,105,持分移轉,00410000
RPTNMLQKNHIGFFB38CB,新站段,21.04,都市：住,10000,105,持分移轉,00410000
RPRNMLQKNHIGFFB18CB,保成段,1.33,都市：住,100000,444,持分移轉,04580000
RPRNMLQKNHIGFFB18CB,保成段,7.47,都市：住,100000,444,持分移轉,04600000
RPRNMLQKNHIGFFB18CB,保成段,2.48,都市：住,100000,444,持分移轉,04610000
RPRNMLQKNHIGFFB18CB,保成段,2.53,都市：住,100000,444,持分移轉,04620000
RPRNMLQKNHIGFFB18CB,保成段,3.17,都市：住,100000,444,持分移轉,04630000
RPRNMLQKNHIGFFB18CB,保成段,8.08,都市：住,100000,444,持分移轉,04640000
RPRNMLQKNHIGFFB18CB,保成段,.61,都市：住,100000,444,持分移轉,04650000
RPRNMLQKNHIGFFB18CB,保成段,2.89,都市：住,100000,444,持分移轉,04820000
RPUNMLQKNHIGFFB48CB,新站段,24.05,都市：住,10000,120,持分移轉,00410000
RPVNMLQKNHIGFFB58CB,新站段,24.05,都市：住,10000,120,持分移轉,00410000
RPXNMLQKNHIGFFB78CB,市鎮南段,8.51,都市：商,10000,17,持分移轉,00740000
RPWNMLQKNHIGFFB68CB,市鎮南段,13.02,都市：商,10000,26,持分移轉,00740000
RPOOMLQKNHIGFFB97CB,市鎮南段,8.51,都市：商,10000,17,持分移轉,00740000
RPQOMLQKNHIGFFB18CB,市鎮南段,11.02,都市：商,10000,22,持分移轉,00740000
RPROMLQKNHIGFFB28CB,保成段,1.33,都市：住,100000,444,持分移轉,04580000
RPROMLQKNHIGFFB28CB,保成段,7.47,都市：住,100000,444,持分移轉,04600000
RPROMLQKNHIGFFB28CB,保成段,2.48,都市：住,100000,444,持分移轉,04610000
RPROMLQKNHIGFFB28CB,保成段,2.53,都市：住,100000,444,持分移轉,04620000
RPROMLQKNHIGFFB28CB,保成段,3.17,都市：住,100000,444,持分移轉,04630000
RPROMLQKNHIGFFB28CB,保成段,8.08,都市：住,100000,444,持分移轉,04640000
RPROMLQKNHIGFFB28CB,保成段,.61,都市：住,100000,444,持分移轉,04650000
RPSOMLQKNHIGFFB38CB,保成段,1.35,都市：住,100000,452,持分移轉,04580000
RPROMLQKNHIGFFB28CB,保成段,2.89,都市：住,100000,444,持分移轉,04820000
RPSOMLQKNHIGFFB38CB,保成段,7.60,都市：住,100000,452,持分移轉,04600000
RPSOMLQKNHIGFFB38CB,保成段,2.52,都市：住,100000,452,持分移轉,04610000
RPSOMLQKNHIGFFB38CB,保成段,2.58,都市：住,100000,452,持分移轉,04620000
RPSOMLQKNHIGFFB38CB,保成段,3.23,都市：住,100000,452,持分移轉,04630000
RPSOMLQKNHIGFFB38CB,保成段,8.22,都市：住,100000,452,持分移轉,04640000
RPSOMLQKNHIGFFB38CB,保成段,.62,都市：住,100000,452,持分移轉,04650000
RPSOMLQKNHIGFFB38CB,保成段,2.94,都市：住,100000,452,持分移轉,04820000
RPQPMLQKNHIGFFB28CB,保成段,1.33,都市：住,100000,444,持分移轉,04580000
RPQPMLQKNHIGFFB28CB,保成段,7.47,都市：住,100000,444,持分移轉,04600000
RPQPMLQKNHIGFFB28CB,保成段,2.48,都市：住,100000,444,持分移轉,04610000
RPQPMLQKNHIGFFB28CB,保成段,2.53,都市：住,100000,444,持分移轉,04620000
RPQPMLQKNHIGFFB28CB,保成段,3.17,都市：住,100000,444,持分移轉,04630000
RPQPMLQKNHIGFFB28CB,保成段,8.08,都市：住,100000,444,持分移轉,04640000
RPQPMLQKNHIGFFB28CB,保成段,.61,都市：住,100000,444,持分移轉,04650000
RPQPMLQKNHIGFFB28CB,保成段,2.89,都市：住,100000,444,持分移轉,04820000
RPTOMLQKNHIGFFB48CB,保成段,1.31,都市：住,100000,440,持分移轉,04580000
RPTOMLQKNHIGFFB48CB,保成段,7.40,都市：住,100000,440,持分移轉,04600000
RPTOMLQKNHIGFFB48CB,保成段,2.46,都市：住,100000,440,持分移轉,04610000
RPTOMLQKNHIGFFB48CB,保成段,2.51,都市：住,100000,440,持分移轉,04620000
RPTOMLQKNHIGFFB48CB,保成段,3.14,都市：住,100000,440,持分移轉,04630000
RPTOMLQKNHIGFFB48CB,保成段,8.00,都市：住,100000,440,持分移轉,04640000
RPTOMLQKNHIGFFB48CB,保成段,.60,都市：住,100000,440,持分移轉,04650000
RPTOMLQKNHIGFFB48CB,保成段,2.86,都市：住,100000,440,持分移轉,04820000
RPPPMLQKNHIGFFB18CB,保成段,1.01,都市：住,100000,339,持分移轉,04580000
RPPPMLQKNHIGFFB18CB,保成段,5.70,都市：住,100000,339,持分移轉,04600000
RPPPMLQKNHIGFFB18CB,保成段,1.89,都市：住,100000,339,持分移轉,04610000
RPPPMLQKNHIGFFB18CB,保成段,1.93,都市：住,100000,339,持分移轉,04620000
RPPPMLQKNHIGFFB18CB,保成段,2.42,都市：住,100000,339,持分移轉,04630000
RPPPMLQKNHIGFFB18CB,保成段,6.17,都市：住,100000,339,持分移轉,04640000
RPPPMLQKNHIGFFB18CB,保成段,.46,都市：住,100000,339,持分移轉,04650000
RPPPMLQKNHIGFFB18CB,保成段,2.21,都市：住,100000,339,持分移轉,04820000
RPVOMLQKNHIGFFB68CB,保成段,1.33,都市：住,100000,447,持分移轉,04580000
RPVOMLQKNHIGFFB68CB,保成段,7.52,都市：住,100000,447,持分移轉,04600000
RPVOMLQKNHIGFFB68CB,保成段,2.50,都市：住,100000,447,持分移轉,04610000
RPVOMLQKNHIGFFB68CB,保成段,2.55,都市：住,100000,447,持分移轉,04620000
RPVOMLQKNHIGFFB68CB,保成段,3.19,都市：住,100000,447,持分移轉,04630000
RPVOMLQKNHIGFFB68CB,保成段,8.13,都市：住,100000,447,持分移轉,04640000
RPVOMLQKNHIGFFB68CB,保成段,.61,都市：住,100000,447,持分移轉,04650000
RPVOMLQKNHIGFFB68CB,保成段,2.91,都市：住,100000,447,持分移轉,04820000
RPUPMLQKNHIGFFB68CB,新站段,21.04,都市：住,10000,105,持分移轉,00410000
RPRPMLQKNHIGFFB38CB,新站段,24.05,都市：住,10000,120,持分移轉,00410000
RPTPMLQKNHIGFFB58CB,新站段,21.04,都市：住,10000,105,持分移轉,00410000
RPVPMLQKNHIGFFB78CB,南簡段,13.06,都市：商,100000,628,持分移轉,09500002
RPPQMLQKNHIGFFB28CB,新站段,24.85,都市：住,10000,124,持分移轉,00410000
RPWPMLQKNHIGFFB88CB,新站段,24.85,都市：住,10000,124,持分移轉,00410000
RPQQMLQKNHIGFFB38CB,南簡段,19.18,都市：商,100000,922,持分移轉,09500002
RPRQMLQKNHIGFFB48CB,紅竹段,16.04,都市：住,100000,1072,持分移轉,03030001
RPUQMLQKNHIGFFB78CB,鹿峰西段,26.92,都市：其他:第四種住宅區,100000,2192,持分移轉,07100000
RPXQMLQKNHIGFFB09CB,鹿峰西段,26.90,都市：其他:第四種住宅區,100000,2191,持分移轉,07100000
RPVQMLQKNHIGFFB88CB,鹿峰西段,26.92,都市：其他:第四種住宅區,100000,2192,持分移轉,07100000
RPORMLQKNHIGFFB28CB,鹿峰西段,26.90,都市：其他:第四種住宅區,100000,2191,持分移轉,07100000
RPWQMLQKNHIGFFB98CB,鹿峰西段,26.92,都市：其他:第四種住宅區,100000,2192,持分移轉,07100000
RPPRMLQKNHIGFFB38CB,鹿峰西段,25.28,都市：其他:第四種住宅區,100000,2059,持分移轉,07100000
RPPNMLQKNHIGFAB47CB,樹子腳段,14.27,都市：商,100000,592,持分移轉,12110000
RPQNMLQKNHIGFAB57CB,樹子腳段,13.31,都市：商,100000,552,持分移轉,12110000
RPRNMLQKNHIGFAB67CB,樹子腳段,11.38,都市：住,100000,178,持分移轉,06700000
RPRNMLQKNHIGFAB67CB,樹子腳段,11.63,都市：住,100000,178,持分移轉,06750000
RPSNMLQKNHIGFAB77CB,樹子腳段,8.68,都市：商,100000,360,持分移轉,12110000
RPTNMLQKNHIGFAB87CB,樹子腳段,8.68,都市：商,100000,360,持分移轉,12110000
RPQNMLQKNHIGFBB67CB,中清段,4.39,都市：住,100000,1227,持分移轉,02770000
RPQNMLQKNHIGFBB67CB,中清段,6.63,都市：住,100000,1227,持分移轉,02790000
RPQNMLQKNHIGFBB67CB,中清段,7.55,都市：住,100000,1227,持分移轉,02790015
RPPNMLQKNHIGFBB57CB,中清段,5.20,都市：住,100000,1452,持分移轉,02770000
RPPNMLQKNHIGFBB57CB,中清段,7.84,都市：住,100000,1452,持分移轉,02790000
RPPNMLQKNHIGFBB57CB,中清段,8.93,都市：住,100000,1452,持分移轉,02790015
RPRNMLQKNHIGFBB77CB,中清段,5.17,都市：住,100000,1444,持分移轉,02770000
RPRNMLQKNHIGFBB77CB,中清段,7.80,都市：住,100000,1444,持分移轉,02790000
RPRNMLQKNHIGFBB77CB,中清段,8.88,都市：住,100000,1444,持分移轉,02790015
RPSNMLQKNHIGFBB87CB,中清段,5.14,都市：住,100000,1437,持分移轉,02770000
RPSNMLQKNHIGFBB87CB,中清段,7.76,都市：住,100000,1437,持分移轉,02790000
RPSNMLQKNHIGFBB87CB,中清段,8.84,都市：住,100000,1437,持分移轉,02790015
RPTNMLQKNHIGFBB97CB,中清段,5.20,都市：住,100000,1452,持分移轉,02770000
RPTNMLQKNHIGFBB97CB,中清段,7.84,都市：住,100000,1452,持分移轉,02790000
RPTNMLQKNHIGFBB97CB,中清段,8.93,都市：住,100000,1452,持分移轉,02790015
RPUNMLQKNHIGFBB08CB,中清段,5.14,都市：住,100000,1437,持分移轉,02770000
RPUNMLQKNHIGFBB08CB,中清段,7.76,都市：住,100000,1437,持分移轉,02790000
RPUNMLQKNHIGFBB08CB,中清段,8.84,都市：住,100000,1437,持分移轉,02790015
RPWNMLQKNHIGFBB28CB,中清段,5.17,都市：住,100000,1444,持分移轉,02770000
RPWNMLQKNHIGFBB28CB,中清段,7.80,都市：住,100000,1444,持分移轉,02790000
RPWNMLQKNHIGFBB28CB,中清段,8.88,都市：住,100000,1444,持分移轉,02790015
RPVNMLQKNHIGFBB18CB,中清段,4.39,都市：住,100000,1227,持分移轉,02770000
RPVNMLQKNHIGFBB18CB,中清段,6.63,都市：住,100000,1227,持分移轉,02790000
RPVNMLQKNHIGFBB18CB,中清段,7.55,都市：住,100000,1227,持分移轉,02790015
RPXNMLQKNHIGFBB38CB,中清段,5.20,都市：住,100000,1452,持分移轉,02770000
RPXNMLQKNHIGFBB38CB,中清段,7.84,都市：住,100000,1452,持分移轉,02790000
RPXNMLQKNHIGFBB38CB,中清段,8.93,都市：住,100000,1452,持分移轉,02790015
RPUNMLQKNHIGFDB28CB,豐田段,17.75,都市：住,100000,252,持分移轉,01110000
RPRNMLQKNHIGFDB97CB,鳳山段,30.38,非都市：鄉村區 ; 非都市編定：乙種建築用地,170890,3038,持分移轉,01510000
RPPNMLQKNHIGFDB77CB,鳳山段,29.13,非都市：鄉村區 ; 非都市編定：乙種建築用地,170890,2913,持分移轉,01510000
RPPNMLQKNHIGFIB28CB,新榮和段,15.19,都市：商,100000,182,持分移轉,00220000
RPQNMLQKNHIGFCB77CB,台安段,96.22,都市：農,1,1,全筆移轉,02120165
RPQNMLQKNHIGFCB77CB,台安段,63.78,都市：農,29,1,持分移轉,02120008
RPQNMLQKNHIGFCB77CB,台安段,4.28,都市：農,29,1,持分移轉,02120191
RPPNMLQKNHIGFCB67CB,台安段,91.90,都市：農,1,1,全筆移轉,02120181
RPPNMLQKNHIGFCB67CB,台安段,63.78,都市：農,29,1,持分移轉,02120008
RPPNMLQKNHIGFCB67CB,台安段,4.28,都市：農,29,1,持分移轉,02120191
RPTNMLQKNHIGFCB08CB,南屯段,.74,都市：住,100000,1402,持分移轉,00630003
RPTNMLQKNHIGFCB08CB,南屯段,26.57,都市：住,100000,1402,持分移轉,00820000
RPUNMLQKNHIGFCB18CB,南屯段,.72,都市：住,100000,1355,持分移轉,00630003
RPUNMLQKNHIGFCB18CB,南屯段,25.68,都市：住,100000,1355,持分移轉,00820000
RPPNMLRKNHIGFCB77CB,福星段,4.45,都市：住,100000,966,持分移轉,02310000
RPPNMLRKNHIGFCB77CB,福星段,5.75,都市：住,100000,966,持分移轉,02340000
RPPNMLRKNHIGFCB77CB,福星段,4.74,都市：住,100000,966,持分移轉,02350000
RPRNMLRKNHIGFCB97CB,福星段,6.41,都市：住,100000,1390,持分移轉,02310000
RPRNMLRKNHIGFCB97CB,福星段,8.28,都市：住,100000,1390,持分移轉,02340000
RPRNMLRKNHIGFCB97CB,福星段,6.82,都市：住,100000,1390,持分移轉,02350000
RPVNMLQKNHIGFCB28CB,南屯段,.98,都市：住,100000,1854,持分移轉,00630003
RPVNMLQKNHIGFCB28CB,南屯段,35.13,都市：住,100000,1854,持分移轉,00820000
RPQNMLRKNHIGFCB87CB,福星段,4.45,都市：住,100000,966,持分移轉,02310000
RPQNMLRKNHIGFCB87CB,福星段,5.75,都市：住,100000,966,持分移轉,02340000
RPQNMLRKNHIGFCB87CB,福星段,4.74,都市：住,100000,966,持分移轉,02350000
RPTNMLRKNHIGFCB18CB,寶文段,30.91,都市：住,100000,660,持分移轉,00350002
RPSNMLRKNHIGFCB08CB,惠國段,17.20,都市：其他:第三種新市政中心專用區,100000,587,持分移轉,00810000
RPSNMLRKNHIGFCB08CB,惠國段,10.83,都市：其他:第三種新市政中心專用區,100000,587,持分移轉,00820000
RPUNMLRKNHIGFCB28CB,何厝段,7.38,都市：商,100000,134,持分移轉,00870000
RPWNMLRKNHIGFCB48CB,豐富段,21.78,都市：商,100000,1097,持分移轉,04330000
RPPOMLRKNHIGFCB87CB,豐富段,18.67,都市：商,100000,940,持分移轉,04330000
RPQNMLRKNHIGFIB48CB,新高鐵段,9.99,都市：商,100000,71,持分移轉,00310000
RPXNMLRKNHIGFCB58CB,豐富段,21.27,都市：商,100000,1071,持分移轉,04330000
RPPNMLRKNHIGFIB38CB,北新段,24.15,都市：住,10000,38,持分移轉,10540000
RPRNMLRKNHIGFIB58CB,新高鐵段,11.54,都市：商,100000,82,持分移轉,00310000
RPOOMLRKNHIGFCB77CB,豐富段,18.67,都市：商,100000,940,持分移轉,04330000
RPTNMLRKNHIGFIB78CB,新高鐵段,9.43,都市：商,100000,67,持分移轉,00310000
RPSNMLRKNHIGFIB68CB,新高鐵段,11.54,都市：商,100000,82,持分移轉,00310000
RPUNMLRKNHIGFIB88CB,新高鐵段,11.40,都市：商,100000,81,持分移轉,00310000
RPVNMLRKNHIGFIB98CB,新高鐵段,13.93,都市：商,100000,99,持分移轉,00310000
RPXNMLRKNHIGFIB56CB,山頂段,20.58,都市：住,1000000,5118,持分移轉,07050000
RPXNMLRKNHIGFIB56CB,山頂段,2.77,都市：住,1000000,5118,持分移轉,07190000
RPWNMLRKNHIGFIB09CB,新高鐵段,9.15,都市：商,100000,65,持分移轉,00310000
RPOOMLRKNHIGFIB38CB,山頂段,28.05,都市：住,1000000,6974,持分移轉,07050000
RPPOMLRKNHIGFIB48CB,山頂段,21.61,都市：住,1000000,5372,持分移轉,07050000
RPOOMLRKNHIGFIB38CB,山頂段,3.77,都市：住,1000000,6974,持分移轉,07190000
RPPOMLRKNHIGFIB48CB,山頂段,2.90,都市：住,1000000,5372,持分移轉,07190000
RPQOMLRKNHIGFIB58CB,山頂段,29.92,都市：住,1000000,7439,持分移轉,07050000
RPQOMLRKNHIGFIB58CB,山頂段,4.02,都市：住,1000000,7439,持分移轉,07190000
RPROMLRKNHIGFIB68CB,山頂段,29.92,都市：住,1000000,7439,持分移轉,07050000
RPROMLRKNHIGFIB68CB,山頂段,4.02,都市：住,1000000,7439,持分移轉,07190000
RPUOMLRKNHIGFIB98CB,山頂段,21.61,都市：住,1000000,5372,持分移轉,07050000
RPUOMLRKNHIGFIB98CB,山頂段,2.90,都市：住,1000000,5372,持分移轉,07190000
RPVOMLRKNHIGFIB09CB,山頂段,20.58,都市：住,1000000,5118,持分移轉,07050000
RPVOMLRKNHIGFIB09CB,山頂段,2.77,都市：住,1000000,5118,持分移轉,07190000
RPPNMLRKNHIGFDB87CB,后寶段,7.77,非都市：鄉村區 ; 非都市編定：乙種建築用地,100000,348,持分移轉,09070000
RPPNMLRKNHIGFDB87CB,后寶段,4.20,非都市：鄉村區 ; 非都市編定：乙種建築用地,100000,348,持分移轉,09080000
RPPNMLRKNHIGFDB87CB,后寶段,1.15,非都市：鄉村區 ; 非都市編定：乙種建築用地,100000,348,持分移轉,09090000
RPPNMLRKNHIGFDB87CB,后寶段,5.09,非都市：鄉村區 ; 非都市編定：乙種建築用地,100000,348,持分移轉,09100000
RPPNMLRKNHIGFDB87CB,后寶段,1.71,非都市：鄉村區 ; 非都市編定：乙種建築用地,100000,348,持分移轉,09110000
RPPNMLRKNHIGFJB48CB,育賢段,24.45,都市：住,100000,417,持分移轉,02100000
RPTNMLRKNHIGFDB28CB,鳳山段,19.85,非都市：鄉村區 ; 非都市編定：乙種建築用地,170890,1985,持分移轉,01510000
RPSNMLRKNHIGFDB18CB,鳳山段,20.96,非都市：鄉村區 ; 非都市編定：乙種建築用地,170890,2096,持分移轉,01510000
RPUNMLRKNHIGFDB38CB,鳳山段,20.74,非都市：鄉村區 ; 非都市編定：乙種建築用地,170890,2074,持分移轉,01510000
RPQNMLRKNHIGFJB58CB,育賢段,23.51,都市：住,100000,401,持分移轉,02100000
RPQNMLRKNHIGFDB97CB,后寶段,8.67,非都市：鄉村區 ; 非都市編定：乙種建築用地,100000,388,持分移轉,09070000
RPQNMLRKNHIGFDB97CB,后寶段,4.68,非都市：鄉村區 ; 非都市編定：乙種建築用地,100000,388,持分移轉,09080000
RPQNMLRKNHIGFDB97CB,后寶段,1.28,非都市：鄉村區 ; 非都市編定：乙種建築用地,100000,388,持分移轉,09090000
RPQNMLRKNHIGFDB97CB,后寶段,5.68,非都市：鄉村區 ; 非都市編定：乙種建築用地,100000,388,持分移轉,09100000
RPQNMLRKNHIGFDB97CB,后寶段,1.90,非都市：鄉村區 ; 非都市編定：乙種建築用地,100000,388,持分移轉,09110000
RPRNMLRKNHIGFBB87CB,軍和段,46.69,都市：住,1,1,全筆移轉,02730011
RPRNMLRKNHIGFBB87CB,軍和段,22.68,都市：住,10,1,持分移轉,02730007
RPPNMLRKNHIGFBB67CB,賴厝廍段,5.36,都市：住,100000,299,持分移轉,00860004
RPPNMLRKNHIGFBB67CB,賴厝廍段,2.88,都市：住,100000,299,持分移轉,00860085
RPSNMLRKNHIGFBB97CB,軍和段,46.69,都市：住,1,1,全筆移轉,02730004
RPSNMLRKNHIGFBB97CB,軍和段,22.68,都市：住,10,1,持分移轉,02730007
RPPNMLRKNHIGFAB57CB,泉源段,14.12,都市：商,100000,120,持分移轉,00150000
RPQNMLRKNHIGFAB67CB,泉源段,14.12,都市：商,100000,120,持分移轉,00150000
RPRNMLRKNHIGFKB78CB,龍田段,14.33,都市：住,18,1,持分移轉,16230002
RPRNMLRKNHIGFKB78CB,龍田段,56.00,都市：住,1,1,全筆移轉,16230018
RPRNMLRKNHIGFAB77CB,公館段,17.81,都市：商,100000,1035,持分移轉,00610115
RPPNMLSKNHIGFKB68CB,東海段,16.96,都市：住,100000,1622,持分移轉,00980045
RPSNMLRKNHIGFKB88CB,龍田段,14.33,都市：住,18,1,持分移轉,16230002
RPSNMLRKNHIGFKB88CB,龍田段,60.00,都市：住,1,1,全筆移轉,16230015
RPSNMLSKNHIGFKB98CB,自強段,20.42,非都市：鄉村區 ; 非都市編定：乙種建築用地,100000,554,持分移轉,00500002
RPTNMLSKNHIGFKB09CB,自強段,20.42,非都市：鄉村區 ; 非都市編定：乙種建築用地,100000,554,持分移轉,00500002
RPUNMLSKNHIGFKB56CB,自強段,28.75,非都市：鄉村區 ; 非都市編定：乙種建築用地,100000,780,持分移轉,00500002
RPQNMLSKNHIGFKB78CB,東海段,27.12,都市：住,100000,2593,持分移轉,00980045
RPVNMLSKNHIGFKB66CB,自強段,25.51,非都市：鄉村區 ; 非都市編定：乙種建築用地,100000,692,持分移轉,00500002
RPSNMLSKNHIGFAB97CB,復興段六小段,16.32,都市：住,100000,2972,持分移轉,00250000
RPRNMLSKNHIGFAB87CB,大益段,24.97,都市：住,10000,264,持分移轉,04740001
RPWNMLSKNHIGFKB76CB,自強段,28.75,非都市：鄉村區 ; 非都市編定：乙種建築用地,100000,780,持分移轉,00500002
RPQNMLSKNHIGFHB48CB,東寶一段,35.56,都市：住,24,1,持分移轉,03860001
RPQNMLSKNHIGFHB48CB,東寶一段,52.20,都市：住,1,1,全筆移轉,03860021
RPXNMLSKNHIGFKB86CB,自強段,25.51,非都市：鄉村區 ; 非都市編定：乙種建築用地,100000,692,持分移轉,00500002
RPTNMLSKNHIGFHB78CB,上楓段,49.00,都市：農,1,1,全筆移轉,01600003
RPTNMLSKNHIGFHB78CB,上楓段,12.25,都市：農,12,1,持分移轉,01600000
RPSNMLSKNHIGFHB68CB,上楓段,43.00,都市：農,1,1,全筆移轉,01600010
RPSNMLSKNHIGFHB68CB,上楓段,12.25,都市：農,12,1,持分移轉,01600000
RPSNMLSKNHIGFBB08CB,碧柳段,2.91,都市：住,100000,509,持分移轉,02150000
RPSNMLSKNHIGFFB48CB,國昌段,7.65,都市：住,47023,765,持分移轉,02330014
RPSNMLSKNHIGFBB08CB,碧柳段,3.17,都市：住,100000,509,持分移轉,02160000
RPSNMLSKNHIGFFB48CB,國昌段,65.47,都市：住,1,1,全筆移轉,02330005
RPSNMLSKNHIGFBB08CB,碧柳段,6.32,都市：住,100000,509,持分移轉,02170000
RPSNMLSKNHIGFFB48CB,國昌段,.02,都市：住,46,2,持分移轉,02330044
RPSNMLSKNHIGFBB08CB,碧柳段,10.06,都市：住,100000,509,持分移轉,02180000
RPRNMLSKNHIGFFB38CB,南勢段,86.30,都市：住,1,1,全筆移轉,10810006
RPRNMLSKNHIGFFB38CB,南勢段,.69,都市：住,2490000,9450,持分移轉,10470000
RPRNMLSKNHIGFFB38CB,南勢段,16.98,都市：其他:保護區,8621000,23020,持分移轉,09930000
RPRNMLSKNHIGFFB38CB,南勢段,4.00,都市：住,145510,400,持分移轉,09420000
RPPNMLSKNHIGFEB08CB,賢仁段,18.24,都市：住,100000,1329,持分移轉,00390000
RPTNMLSKNHIGFFB58CB,市鎮南段,6.50,都市：商,100000,29,持分移轉,00970000
RPQNMLSKNHIGFJB68CB,育賢段,17.19,都市：住,10000,20,持分移轉,02010000
RPSNMLSKNHIGFJB88CB,育賢段,21.48,都市：住,10000,25,持分移轉,02010000
RPPNMLSKNHIGFJB58CB,育賢段,21.48,都市：住,10000,25,持分移轉,02010000
RPPNMLSKNHIGFDB97CB,厚生段,62.21,都市：住,1,1,全筆移轉,06680014
RPQNMLSKNHIGFDB08CB,厚生段,68.28,都市：住,1,1,全筆移轉,06680000
RPUNMLSKNHIGFDB48CB,中和東段,21.73,都市：住,100000,990,持分移轉,12000000
RPPNMLSKNHIGFIB48CB,萬豐段,96.39,非都市：特定農業區 ; 非都市編定：甲種建築用地,1,1,全筆移轉,03240022
RPPNMLSKNHIGFIB48CB,萬豐段,1.69,非都市：特定農業區 ; 非都市編定：農牧用地,1845000,2246,持分移轉,03200000
RPPNMLSKNHIGFIB48CB,萬豐段,1.17,非都市：特定農業區 ; 非都市編定：水利用地,15750,23,持分移轉,03220000
RPPNMLSKNHIGFIB48CB,萬豐段,24.51,非都市：特定農業區 ; 非都市編定：甲種建築用地,35,1,持分移轉,03240000
RPPNMLSKNHIGFIB48CB,萬豐段,3.29,非都市：特定農業區 ; 非都市編定：甲種建築用地,126000,2783,持分移轉,03240001
RPPNMLSKNHIGFIB48CB,萬豐段,1.16,非都市：特定農業區 ; 非都市編定：農牧用地,74902,116,持分移轉,03380000
RPQNMLSKNHIGFCB97CB,建功段,10.45,都市：住,100000,128,持分移轉,00040000
RPPNMLSKNHIGFCB87CB,建功段,10.04,都市：住,100000,123,持分移轉,00040000
RPRNMLSKNHIGFCB08CB,建功段,9.39,都市：住,100000,115,持分移轉,00040000
RPTNMLSKNHIGFCB28CB,建功段,10.86,都市：住,100000,133,持分移轉,00040000
RPVNMLSKNHIGFCB48CB,永新段,31.92,都市：商,100000,528,持分移轉,00500000
RPQNMLSKNHIGFIB58CB,萬豐段,78.05,非都市：特定農業區 ; 非都市編定：甲種建築用地,1,1,全筆移轉,03240029
RPQNMLSKNHIGFIB58CB,萬豐段,1.70,非都市：特定農業區 ; 非都市編定：農牧用地,1845000,2246,持分移轉,03200000
RPQNMLSKNHIGFIB58CB,萬豐段,1.17,非都市：特定農業區 ; 非都市編定：水利用地,15750,23,持分移轉,03220000
RPQNMLSKNHIGFIB58CB,萬豐段,24.51,非都市：特定農業區 ; 非都市編定：甲種建築用地,35,1,持分移轉,03240000
RPQNMLSKNHIGFIB58CB,萬豐段,3.29,非都市：特定農業區 ; 非都市編定：甲種建築用地,126000,2783,持分移轉,03240001
RPQNMLSKNHIGFIB58CB,萬豐段,1.15,非都市：特定農業區 ; 非都市編定：農牧用地,74902,115,持分移轉,03380000
RPSNMLSKNHIGFCB18CB,建功段,10.04,都市：住,100000,123,持分移轉,00040000
RPWNMLSKNHIGFCB58CB,龍富段,53.62,都市：住,100000,1347,持分移轉,01070000
RPQOMLSKNHIGFCB08CB,田心段,27.85,都市：住,1000000,6213,持分移轉,14800000
RPROMLSKNHIGFCB18CB,建功段,10.86,都市：住,100000,133,持分移轉,00040000
RPPNMLTKNHIGFCB97CB,龍富段,65.52,都市：住,100000,1646,持分移轉,01070000
RPQNMLTKNHIGFFB38CB,榜文段,65.88,都市：住,1,1,全筆移轉,09750009
RPQNMLTKNHIGFFB38CB,榜文段,29.97,都市：住,100000,12502,持分移轉,09750000
RPTNMLTKNHIGFCB38CB,文商段,4.24,都市：商,100000,268,持分移轉,00260000
RPTNMLTKNHIGFCB38CB,文商段,5.08,都市：商,100000,268,持分移轉,00270000
RPSNMLTKNHIGFFB58CB,平等段,46.09,都市：住,100000,3030,持分移轉,05780000
RPPNMLTKNHIGFFB28CB,榜文段,88.18,都市：住,1,1,全筆移轉,09750006
RPPNMLTKNHIGFFB28CB,榜文段,14.98,都市：住,100000,6248,持分移轉,09750000
RPTNMLTKNHIGFFB68CB,平等段,38.57,都市：住,100000,2536,持分移轉,05780000
RPOOMLTKNHIGFFB28CB,平等段,38.56,都市：住,100000,2535,持分移轉,05780000
RPUNMLTKNHIGFFB78CB,平等段,46.09,都市：住,100000,3030,持分移轉,05780000
RPPNMLTKNHIGFBB87CB,仁平段,38.34,都市：住,10000,92,持分移轉,01320000
RPROMLTKNHIGFFB58CB,國昌段,7.65,都市：住,47023,765,持分移轉,02330014
RPROMLTKNHIGFFB58CB,國昌段,63.63,都市：住,1,1,全筆移轉,02330032
RPROMLTKNHIGFFB58CB,國昌段,.03,都市：住,46,3,持分移轉,02330044
RPQNMLTKNHIGFBB97CB,仁德段,22.82,都市：住,100000,1280,持分移轉,09790000
RPQNMLTKNHIGFBB97CB,仁德段,.04,都市：住,100000,1280,持分移轉,09790001
RPQNMLTKNHIGFBB97CB,仁德段,11.94,都市：住,100000,1280,持分移轉,09810006
RPOOMLTKNHIGFAB77CB,城隍段五小段,4.80,都市：商,100000,916,持分移轉,00080014
RPOOMLTKNHIGFAB77CB,城隍段五小段,6.55,都市：商,100000,916,持分移轉,00080015
RPOOMLTKNHIGFAB77CB,城隍段五小段,3.80,都市：商,100000,916,持分移轉,00090003
RPOOMLTKNHIGFAB77CB,城隍段六小段,3.10,都市：商,100000,916,持分移轉,00030000
RPOOMLTKNHIGFAB77CB,城隍段六小段,.82,都市：商,100000,916,持分移轉,00030002
RPOOMLTKNHIGFAB77CB,城隍段六小段,.43,都市：商,100000,916,持分移轉,00040000
RPOOMLTKNHIGFAB77CB,城隍段六小段,.12,都市：住,100000,916,持分移轉,00030010
RPUNMLTKNHIGFKB66CB,大東段,93.80,都市：住,1,1,全筆移轉,08600001
RPUNMLTKNHIGFKB66CB,大東段,3.90,都市：住,12,1,持分移轉,08600008
RPRNMLTKNHIGFKB98CB,竹泉段,24.44,都市：住,100000,718,持分移轉,02320000
RPQNMLTKNHIGFKB88CB,自強段,28.01,非都市：鄉村區 ; 非都市編定：乙種建築用地,100000,760,持分移轉,00500002
RPPNMLTKNHIGFKB78CB,自強段,24.03,非都市：鄉村區 ; 非都市編定：乙種建築用地,100000,652,持分移轉,00500002
RPVNMLTKNHIGFKB76CB,自強段,23.30,非都市：鄉村區 ; 非都市編定：乙種建築用地,100000,632,持分移轉,00500002
RPWNMLTKNHIGFKB86CB,大東段,92.53,都市：住,1,1,全筆移轉,08600002
RPWNMLTKNHIGFKB86CB,大東段,3.90,都市：住,12,1,持分移轉,08600008
RPXNMLTKNHIGFKB96CB,東海段,18.31,都市：住,100000,1751,持分移轉,00980045
RPOOMLTKNHIGFKB78CB,東海段,15.87,都市：住,100000,1518,持分移轉,00980045
RPTNMLKLNHIGFHB08CB,自強段,22.90,非都市：特定農業區 ; 非都市編定：甲種建築用地,100000,2045,持分移轉,16850000
RPUNMLKLNHIGFHB18CB,自強段,30.36,非都市：特定農業區 ; 非都市編定：甲種建築用地,100000,2711,持分移轉,16850000
RPVNMLKLNHIGFHB28CB,自強段,20.12,非都市：特定農業區 ; 非都市編定：甲種建築用地,100000,1796,持分移轉,16850000
RPXNMLKLNHIGFHB48CB,自強段,20.12,非都市：特定農業區 ; 非都市編定：甲種建築用地,100000,1796,持分移轉,16850000
RPOOMLKLNHIGFHB67CB,自強段,20.12,非都市：特定農業區 ; 非都市編定：甲種建築用地,100000,1796,持分移轉,16850000
RPWNMLKLNHIGFHB38CB,自強段,22.90,非都市：特定農業區 ; 非都市編定：甲種建築用地,100000,2045,持分移轉,16850000
RPPNMLKLNHIGFAB96CB,樹子腳段,10.10,都市：住,10000,40,持分移轉,00230000
RPPOMLKLNHIGFHB77CB,自強段,20.12,非都市：特定農業區 ; 非都市編定：甲種建築用地,100000,1796,持分移轉,16850000
RPSOMLKLNHIGFHB08CB,自強段,22.90,非都市：特定農業區 ; 非都市編定：甲種建築用地,100000,2045,持分移轉,16850000
RPPNMLKLNHIGFCB17CB,中正段,.19,都市：商,100000,215,持分移轉,02350000
RPPNMLKLNHIGFCB17CB,中正段,10.32,都市：商,100000,215,持分移轉,02280000
RPUOMLKLNHIGFHB28CB,自強段,30.36,非都市：特定農業區 ; 非都市編定：甲種建築用地,100000,2711,持分移轉,16850000
RPPNMLLLNHIGFCB27CB,文商段,2.87,都市：商,100000,181,持分移轉,00260000
RPPNMLLLNHIGFCB27CB,文商段,3.43,都市：商,100000,181,持分移轉,00270000
RPQNMLLLNHIGFCB37CB,保安段,30.62,都市：住,100000,647,持分移轉,04620000
RPSNMLLLNHIGFCB57CB,保安段,26.88,都市：住,100000,568,持分移轉,04620000
RPPNMLLLNHIGFHB77CB,花眉庄段,17.55,都市：農,11,1,持分移轉,11370000
RPPNMLLLNHIGFHB77CB,花眉庄段,1.63,都市：農,11,1,持分移轉,11370001
RPPNMLLLNHIGFHB77CB,花眉庄段,45.63,都市：農,1,1,全筆移轉,11370003
RPPNMLLLNHIGFHB77CB,花眉庄段,2.26,都市：農,11,1,持分移轉,11370013
RPRNMLLLNHIGFCB47CB,保安段,30.62,都市：住,100000,647,持分移轉,04620000
RPSNMLLLNHIGFHB08CB,自強段,20.12,非都市：特定農業區 ; 非都市編定：甲種建築用地,100000,1796,持分移轉,16850000
RPPNMLLLNHIGFBB17CB,碧柳段,7.38,都市：商,100000,77,持分移轉,00020000
RPPNMLMLNHIGFFB67CB,武秀段,2.48,都市：住,10000,406,持分移轉,01630003
RPPNMLMLNHIGFFB67CB,武秀段,.81,都市：住,10000,406,持分移轉,01600000
RPPNMLMLNHIGFFB67CB,秀水段秀水小段,25.74,都市：住,10000,406,持分移轉,01150010
RPQNMLMLNHIGFFB77CB,市鎮北段,10.62,都市：商,10000,33,持分移轉,00130001
RPVNMLMLNHIGFFB28CB,興安西段,27.42,都市：住,10000,60,持分移轉,00880000
RPOOMLMLNHIGFFB67CB,興安西段,28.34,都市：住,10000,62,持分移轉,00880000
RPXNMLMLNHIGFFB48CB,興安西段,28.34,都市：住,10000,62,持分移轉,00880000
RPPNMLMLNHIGFEB57CB,大同段,91.80,都市：住,1,1,全筆移轉,04100008
RPPNMLMLNHIGFEB57CB,大同段,11.96,都市：住,14,1,持分移轉,04100009
RPPNMLMLNHIGFEB57CB,大同段,1.36,都市：住,2,1,持分移轉,04100015
RPPNMLMLNHIGFEB57CB,大同段,10.00,都市：其他:公共保留地,32185,1000,持分移轉,03870000
RPROMLMLNHIGFFB97CB,市鎮北段,12.23,都市：商,10000,38,持分移轉,00130001
RPPNMLMLNHIGFKB18CB,東海段,22.01,都市：住,100000,2105,持分移轉,00980045
RPQNMLMLNHIGFKB28CB,東海段,13.15,都市：住,100000,1257,持分移轉,00980045
RPRNMLMLNHIGFKB38CB,東海段,27.12,都市：住,100000,2593,持分移轉,00980045
RPSNMLMLNHIGFKB48CB,東海段,24.46,都市：住,100000,2339,持分移轉,00980045
RPPNMLMLNHIGFCB37CB,埔興段,27.68,都市：住,100000,1913,持分移轉,04630000
RPQNMLMLNHIGFCB47CB,埔興段,27.68,都市：住,100000,1913,持分移轉,04630000
RPRNMLMLNHIGFCB57CB,埔興段,23.47,都市：住,100000,1622,持分移轉,04630000
RPUNMLMLNHIGFCB87CB,文商段,4.24,都市：商,100000,268,持分移轉,00260000
RPUNMLMLNHIGFCB87CB,文商段,5.08,都市：商,100000,268,持分移轉,00270000
RPVNMLMLNHIGFCB97CB,田心段,19.06,都市：住,1000000,4253,持分移轉,14800000
RPPNMLMLNHIGFIB97CB,中興段,10.55,都市：住,100000,1101,持分移轉,01170000
RPPNMLMLNHIGFIB97CB,中興段,10.62,都市：住,100000,1101,持分移轉,01180000
RPPNMLMLNHIGFIB97CB,中興段,3.23,都市：住,100000,1101,持分移轉,01190001
RPWNMLMLNHIGFCB08CB,新富段,9.73,都市：住,100000,1708,持分移轉,05280000
RPWNMLMLNHIGFCB08CB,新富段,36.97,都市：住,100000,1708,持分移轉,05290000
RPPNMLMLNHIGFDB47CB,文化段,.93,都市：住,100000,801,持分移轉,00940000
RPPNMLMLNHIGFDB47CB,文化段,23.64,都市：住,100000,801,持分移轉,00960000
RPPNMLMLNHIGFDB47CB,文化段,.12,都市：住,100000,801,持分移轉,01040000
RPPNMLMLNHIGFDB47CB,文化段,.18,都市：住,100000,801,持分移轉,01050000
RPPNMLMLNHIGFDB47CB,文化段,.49,都市：住,100000,801,持分移轉,01060000
RPQNMLMLNHIGFIB08CB,中興段,11.75,都市：住,100000,1227,持分移轉,01170000
RPPNMLMLNHIGFDB47CB,文化段,.55,都市：住,100000,801,持分移轉,01070000
RPPNMLMLNHIGFDB47CB,文化段,.12,都市：住,100000,801,持分移轉,01080000
RPQNMLMLNHIGFIB08CB,中興段,11.84,都市：住,100000,1227,持分移轉,01180000
RPPNMLMLNHIGFDB47CB,文化段,.10,都市：住,100000,801,持分移轉,01090000
RPQNMLMLNHIGFIB08CB,中興段,3.60,都市：住,100000,1227,持分移轉,01190001
RPPNMLMLNHIGFDB47CB,文化段,.04,都市：住,100000,801,持分移轉,01100000
RPXNMLMLNHIGFCB18CB,新富段,9.73,都市：住,100000,1708,持分移轉,05280000
RPXNMLMLNHIGFCB18CB,新富段,36.97,都市：住,100000,1708,持分移轉,05290000
RPSNMLMLNHIGFDB77CB,文化段,.98,都市：住,100000,840,持分移轉,00940000
RPSNMLMLNHIGFDB77CB,文化段,24.79,都市：住,100000,840,持分移轉,00960000
RPSNMLMLNHIGFDB77CB,文化段,.12,都市：住,100000,840,持分移轉,01040000
RPSNMLMLNHIGFDB77CB,文化段,.18,都市：住,100000,840,持分移轉,01050000
RPSNMLMLNHIGFDB77CB,文化段,.51,都市：住,100000,840,持分移轉,01060000
RPSNMLMLNHIGFDB77CB,文化段,.57,都市：住,100000,840,持分移轉,01070000
RPSNMLMLNHIGFDB77CB,文化段,.13,都市：住,100000,840,持分移轉,01080000
RPSNMLMLNHIGFDB77CB,文化段,.10,都市：住,100000,840,持分移轉,01090000
RPSNMLMLNHIGFDB77CB,文化段,.04,都市：住,100000,840,持分移轉,01100000
RPUNMLMLNHIGFDB97CB,文化段,.98,都市：住,100000,840,持分移轉,00940000
RPUNMLMLNHIGFDB97CB,文化段,24.79,都市：住,100000,840,持分移轉,00960000
RPTNMLMLNHIGFDB87CB,文化段,.98,都市：住,100000,844,持分移轉,00940000
RPUNMLMLNHIGFDB97CB,文化段,.12,都市：住,100000,840,持分移轉,01040000
RPTNMLMLNHIGFDB87CB,文化段,24.91,都市：住,100000,844,持分移轉,00960000
RPUNMLMLNHIGFDB97CB,文化段,.18,都市：住,100000,840,持分移轉,01050000
RPTNMLMLNHIGFDB87CB,文化段,.12,都市：住,100000,844,持分移轉,01040000
RPUNMLMLNHIGFDB97CB,文化段,.51,都市：住,100000,840,持分移轉,01060000
RPTNMLMLNHIGFDB87CB,文化段,.19,都市：住,100000,844,持分移轉,01050000
RPTNMLMLNHIGFDB87CB,文化段,.52,都市：住,100000,844,持分移轉,01060000
RPUNMLMLNHIGFDB97CB,文化段,.57,都市：住,100000,840,持分移轉,01070000
RPTNMLMLNHIGFDB87CB,文化段,.57,都市：住,100000,844,持分移轉,01070000
RPTNMLMLNHIGFDB87CB,文化段,.13,都市：住,100000,844,持分移轉,01080000
RPUNMLMLNHIGFDB97CB,文化段,.13,都市：住,100000,840,持分移轉,01080000
RPTNMLMLNHIGFDB87CB,文化段,.10,都市：住,100000,844,持分移轉,01090000
RPTNMLMLNHIGFDB87CB,文化段,.04,都市：住,100000,844,持分移轉,01100000
RPUNMLMLNHIGFDB97CB,文化段,.10,都市：住,100000,840,持分移轉,01090000
RPUNMLMLNHIGFDB97CB,文化段,.04,都市：住,100000,840,持分移轉,01100000
RPVNMLMLNHIGFDB08CB,文化段,.98,都市：住,100000,840,持分移轉,00940000
RPVNMLMLNHIGFDB08CB,文化段,24.79,都市：住,100000,840,持分移轉,00960000
RPVNMLMLNHIGFDB08CB,文化段,.12,都市：住,100000,840,持分移轉,01040000
RPVNMLMLNHIGFDB08CB,文化段,.18,都市：住,100000,840,持分移轉,01050000
RPVNMLMLNHIGFDB08CB,文化段,.51,都市：住,100000,840,持分移轉,01060000
RPVNMLMLNHIGFDB08CB,文化段,.57,都市：住,100000,840,持分移轉,01070000
RPVNMLMLNHIGFDB08CB,文化段,.13,都市：住,100000,840,持分移轉,01080000
RPVNMLMLNHIGFDB08CB,文化段,.10,都市：住,100000,840,持分移轉,01090000
RPVNMLMLNHIGFDB08CB,文化段,.04,都市：住,100000,840,持分移轉,01100000
RPOOMLMLNHIGFDB47CB,中和東段,21.73,都市：住,100000,990,持分移轉,12000000
RPWNMLMLNHIGFDB18CB,文化段,.93,都市：住,100000,801,持分移轉,00940000
RPPNMLMLNHIGFJB08CB,育賢段,18.05,都市：住,10000,21,持分移轉,02010000
RPWNMLMLNHIGFDB18CB,文化段,23.64,都市：住,100000,801,持分移轉,00960000
RPWNMLMLNHIGFDB18CB,文化段,.12,都市：住,100000,801,持分移轉,01040000
RPWNMLMLNHIGFDB18CB,文化段,.18,都市：住,100000,801,持分移轉,01050000
RPWNMLMLNHIGFDB18CB,文化段,.49,都市：住,100000,801,持分移轉,01060000
RPWNMLMLNHIGFDB18CB,文化段,.55,都市：住,100000,801,持分移轉,01070000
RPWNMLMLNHIGFDB18CB,文化段,.12,都市：住,100000,801,持分移轉,01080000
RPWNMLMLNHIGFDB18CB,文化段,.10,都市：住,100000,801,持分移轉,01090000
RPWNMLMLNHIGFDB18CB,文化段,.04,都市：住,100000,801,持分移轉,01100000
RPQNMLMLNHIGFJB18CB,育賢段,17.14,都市：住,10000,27,持分移轉,01840004
RPRNMLMLNHIGFJB28CB,育賢段,22.22,都市：住,10000,35,持分移轉,01840004
RPQNMLNLNHIGFIB18CB,健民段,27.69,非都市：鄉村區 ; 非都市編定：乙種建築用地,100000,436,持分移轉,07560000
RPPNMLNLNHIGFIB08CB,健民段,20.45,非都市：鄉村區 ; 非都市編定：乙種建築用地,100000,322,持分移轉,07560000
RPQNMLNLNHIGFCB57CB,新富段,9.73,都市：住,100000,1708,持分移轉,05280000
RPQNMLNLNHIGFCB57CB,新富段,36.97,都市：住,100000,1708,持分移轉,05290000
RPPNMLNLNHIGFCB47CB,新富段,9.73,都市：住,100000,1708,持分移轉,05280000
RPPNMLNLNHIGFCB47CB,新富段,36.97,都市：住,100000,1708,持分移轉,05290000
RPRNMLNLNHIGFCB67CB,新富段,9.73,都市：住,100000,1708,持分移轉,05280000
RPRNMLNLNHIGFCB67CB,新富段,36.97,都市：住,100000,1708,持分移轉,05290000
RPWNMLNLNHIGFCB18CB,文商段,3.10,都市：商,100000,196,持分移轉,00260000
RPWNMLNLNHIGFCB18CB,文商段,3.72,都市：商,100000,196,持分移轉,00270000
RPTNMLNLNHIGFCB87CB,新富段,12.32,都市：住,100000,2163,持分移轉,05280000
RPTNMLNLNHIGFCB87CB,新富段,46.81,都市：住,100000,2163,持分移轉,05290000
RPXNMLNLNHIGFCB28CB,田心段,30.54,都市：住,1000000,6815,持分移轉,14800000
RPPNMLNLNHIGFEB67CB,永豐段,78.30,非都市：特定農業區 ; 非都市編定：甲種建築用地,1,1,全筆移轉,06870012
RPPNMLNLNHIGFEB67CB,永豐段,29.48,非都市：特定農業區 ; 非都市編定：甲種建築用地,8,1,持分移轉,06870010
RPPNMLNLNHIGFEB67CB,永豐段,2.29,非都市：特定農業區 ; 非都市編定：甲種建築用地,72,1,持分移轉,06870022
RPPNMLNLNHIGFEB67CB,永豐段,.34,非都市：特定農業區 ; 非都市編定：甲種建築用地,16,1,持分移轉,06870020
RPQNMLNLNHIGFKB38CB,中社段,41.82,都市：住,542499,4182,持分移轉,07000000
RPRNMLNLNHIGFEB87CB,永豐段,77.50,非都市：特定農業區 ; 非都市編定：甲種建築用地,1,1,全筆移轉,06870019
RPRNMLNLNHIGFEB87CB,永豐段,18.36,非都市：特定農業區 ; 非都市編定：甲種建築用地,9,1,持分移轉,06870022
RPRNMLNLNHIGFEB87CB,永豐段,.34,非都市：特定農業區 ; 非都市編定：甲種建築用地,16,1,持分移轉,06870020
RPSNMLNLNHIGFEB97CB,安農段,97.00,非都市：鄉村區 ; 非都市編定：乙種建築用地,1,1,全筆移轉,09110000
RPUNMLNLNHIGFFB28CB,新站段,17.43,都市：住,10000,26,持分移轉,00660000
RPSNMLNLNHIGFFB08CB,新站段,22.12,都市：住,10000,33,持分移轉,00660000
RPWNMLNLNHIGFFB48CB,沙工北段,19.55,都市：住,100000,475,持分移轉,15190000
RPVNMLNLNHIGFFB38CB,新站段,14.08,都市：住,10000,21,持分移轉,00660000
RPPOMLNLNHIGFFB87CB,沙工北段,24.24,都市：住,100000,589,持分移轉,15190000
RPOOMLNLNHIGFFB77CB,沙工北段,25.77,都市：住,100000,626,持分移轉,15190000
RPTOMLNLNHIGFFB28CB,鹿峰西段,26.90,都市：其他:第四種住宅區,100000,2191,持分移轉,07100000
RPXNMLNLNHIGFFB58CB,沙工北段,24.24,都市：住,100000,589,持分移轉,15190000
RPPNMLNLNHIGFBB37CB,溝背段,25.86,都市：住,100000,695,持分移轉,01430000
RPSNMLNLNHIGFBB67CB,仁平段,86.48,都市：住,10000,487,持分移轉,00750000
RPQNMLNLNHIGFBB47CB,溝背段,14.66,都市：住,100000,394,持分移轉,01430000
RPTNMLNLNHIGFBB77CB,北屯段,23.89,都市：住,10000,64,持分移轉,02140000
RPVNMLNLNHIGFBB97CB,北屯段,17.92,都市：住,10000,48,持分移轉,02140000
RPPOMLNLNHIGFBB47CB,竹興段,26.21,都市：住,10000,106,持分移轉,01690000
RPQNMLNLNHIGFAB37CB,正義段九小段,3.53,都市：住,100000,1831,持分移轉,00040004
RPQNMLNLNHIGFAB37CB,正義段九小段,11.65,都市：商,100000,1831,持分移轉,00050000
RPPNMLNLNHIGFAB27CB,正義段九小段,3.50,都市：住,100000,1814,持分移轉,00040004
RPPNMLNLNHIGFAB27CB,正義段九小段,11.54,都市：商,100000,1814,持分移轉,00050000
RPRNMLNLNHIGFAB47CB,頂橋子頭段,14.33,都市：住,10000,34,持分移轉,03750004
RPRNMLNLNHIGFAB47CB,頂橋子頭段,2.35,都市：住,10000,34,持分移轉,03750012
RPRNMLNLNHIGFAB47CB,頂橋子頭段,1.33,都市：住,10000,34,持分移轉,03820000
RPSNMLNLNHIGFAB57CB,平民段八小段,5.15,都市：住,10000,142,持分移轉,00020000
RPSNMLNLNHIGFAB57CB,平民段八小段,11.05,都市：住,10000,142,持分移轉,00020001
RPSNMLNLNHIGFAB57CB,平民段八小段,.13,都市：住,10000,142,持分移轉,00090008
RPQNMLOLNHIGFAB47CB,樹子腳段,9.91,都市：商,100000,411,持分移轉,12110000
RPRNMLOLNHIGFAB57CB,樹子腳段,9.14,都市：商,100000,379,持分移轉,12110000
RPSNMLOLNHIGFAB67CB,樹子腳段,11.02,都市：商,100000,457,持分移轉,12110000
RPUNMLOLNHIGFAB87CB,樹子腳段,8.68,都市：商,100000,360,持分移轉,12110000
RPVNMLOLNHIGFAB97CB,樹子腳段,13.09,都市：商,100000,543,持分移轉,12110000
RPOOMLOLNHIGFAB37CB,樹子腳段,8.82,都市：商,100000,366,持分移轉,12110000
RPWNMLOLNHIGFAB08CB,樹子腳段,8.82,都市：商,100000,366,持分移轉,12110000
RPQOMLOLNHIGFAB57CB,正義段九小段,4.75,都市：住,100000,2461,持分移轉,00040004
RPQOMLOLNHIGFAB57CB,正義段九小段,15.65,都市：商,100000,2461,持分移轉,00050000
RPRPMLOLNHIGFAB77CB,頂橋子頭段,15.17,都市：住,10000,36,持分移轉,03750004
RPRPMLOLNHIGFAB77CB,頂橋子頭段,2.48,都市：住,10000,36,持分移轉,03750012
RPRPMLOLNHIGFAB77CB,頂橋子頭段,1.40,都市：住,10000,36,持分移轉,03820000
RPTOMLOLNHIGFAB87CB,頂橋子頭段,14.33,都市：住,10000,34,持分移轉,03750004
RPTOMLOLNHIGFAB87CB,頂橋子頭段,2.35,都市：住,10000,34,持分移轉,03750012
RPTOMLOLNHIGFAB87CB,頂橋子頭段,1.33,都市：住,10000,34,持分移轉,03820000
RPROMLOLNHIGFAB67CB,正義段九小段,4.57,都市：住,100000,2367,持分移轉,00040004
RPROMLOLNHIGFAB67CB,正義段九小段,15.05,都市：商,100000,2367,持分移轉,00050000
RPUPMLOLNHIGFAB08CB,頂橋子頭段,14.33,都市：住,10000,34,持分移轉,03750004
RPUPMLOLNHIGFAB08CB,頂橋子頭段,2.35,都市：住,10000,34,持分移轉,03750012
RPUPMLOLNHIGFAB08CB,頂橋子頭段,1.33,都市：住,10000,34,持分移轉,03820000
RPQNMLOLNHIGFHB18CB,上楓段,67.00,都市：農,1,1,全筆移轉,01600012
RPQNMLOLNHIGFHB18CB,上楓段,12.25,都市：農,12,1,持分移轉,01600000
RPRNMLOLNHIGFHB28CB,上楓段,51.00,都市：農,1,1,全筆移轉,01600002
RPRNMLOLNHIGFHB28CB,上楓段,12.25,都市：農,12,1,持分移轉,01600000
RPWNMLOLNHIGFBB18CB,敦和段,46.01,都市：住,100000,677,持分移轉,00610000
RPUNMLOLNHIGFBB97CB,倡和段,11.18,都市：商,100000,552,持分移轉,01820000
RPVPMLOLNHIGFAB18CB,正義段九小段,3.50,都市：住,100000,1814,持分移轉,00040004
RPVPMLOLNHIGFAB18CB,正義段九小段,11.54,都市：商,100000,1814,持分移轉,00050000
RPXNMLOLNHIGFFB68CB,梧棲段,11.01,都市：商,10000,34,持分移轉,28400000
RPROMLOLNHIGFFB18CB,市鎮北段,13.24,都市：商,10000,22,持分移轉,00450000
RPTNMLOLNHIGFFB28CB,梧棲段,14.57,都市：商,10000,45,持分移轉,28400000
RPSOMLOLNHIGFFB28CB,市鎮北段,13.24,都市：商,10000,22,持分移轉,00450000
RPTOMLOLNHIGFFB38CB,市鎮北段,15.05,都市：商,10000,25,持分移轉,00450000
RPVOMLOLNHIGFFB58CB,市鎮北段,11.44,都市：商,10000,19,持分移轉,00450000
RPXOMLOLNHIGFFB78CB,市鎮北段,14.45,都市：商,10000,24,持分移轉,00450000
RPOPMLOLNHIGFFB97CB,市鎮北段,9.63,都市：商,10000,16,持分移轉,00450000
RPPPMLOLNHIGFFB08CB,市鎮北段,15.05,都市：商,10000,25,持分移轉,00450000
RPPNMLOLNHIGFCB57CB,文商段,3.56,都市：商,100000,225,持分移轉,00260000
RPPNMLOLNHIGFCB57CB,文商段,4.27,都市：商,100000,225,持分移轉,00270000
RPQPMLOLNHIGFFB18CB,市鎮北段,9.63,都市：商,10000,16,持分移轉,00450000
RPRPMLOLNHIGFFB28CB,市鎮北段,15.05,都市：商,10000,25,持分移轉,00450000
RPQNMLOLNHIGFCB67CB,文商段,2.87,都市：商,100000,181,持分移轉,00260000
RPQNMLOLNHIGFCB67CB,文商段,3.43,都市：商,100000,181,持分移轉,00270000
RPRNMLOLNHIGFCB77CB,文商段,4.26,都市：商,100000,269,持分移轉,00260000
RPRNMLOLNHIGFCB77CB,文商段,5.10,都市：商,100000,269,持分移轉,00270000
RPSNMLOLNHIGFCB87CB,文商段,2.88,都市：商,100000,182,持分移轉,00260000
RPSNMLOLNHIGFCB87CB,文商段,3.45,都市：商,100000,182,持分移轉,00270000
RPTNMLOLNHIGFCB97CB,文商段,4.26,都市：商,100000,269,持分移轉,00260000
RPTNMLOLNHIGFCB97CB,文商段,5.10,都市：商,100000,269,持分移轉,00270000
RPVNMLOLNHIGFCB18CB,文商段,2.88,都市：商,100000,182,持分移轉,00260000
RPVNMLOLNHIGFCB18CB,文商段,3.45,都市：商,100000,182,持分移轉,00270000
RPUNMLOLNHIGFCB08CB,文商段,4.26,都市：商,100000,269,持分移轉,00260000
RPUNMLOLNHIGFCB08CB,文商段,5.10,都市：商,100000,269,持分移轉,00270000
RPXNMLOLNHIGFCB38CB,文商段,2.87,都市：商,100000,181,持分移轉,00260000
RPXNMLOLNHIGFCB38CB,文商段,3.43,都市：商,100000,181,持分移轉,00270000
RPWNMLOLNHIGFCB28CB,文商段,4.26,都市：商,100000,269,持分移轉,00260000
RPWNMLOLNHIGFCB28CB,文商段,5.10,都市：商,100000,269,持分移轉,00270000
RPQOMLOLNHIGFCB77CB,文商段,4.26,都市：商,100000,269,持分移轉,00260000
RPQOMLOLNHIGFCB77CB,文商段,5.10,都市：商,100000,269,持分移轉,00270000
RPPOMLOLNHIGFCB67CB,文商段,4.26,都市：商,100000,269,持分移轉,00260000
RPPOMLOLNHIGFCB67CB,文商段,5.10,都市：商,100000,269,持分移轉,00270000
RPOOMLOLNHIGFCB57CB,文商段,4.24,都市：商,100000,268,持分移轉,00260000
RPOOMLOLNHIGFCB57CB,文商段,5.08,都市：商,100000,268,持分移轉,00270000
RPQNMLOLNHIGFIB28CB,湖日段,14.59,都市：商,10000,305,持分移轉,03420000
RPOOMLOLNHIGFDB67CB,鳳山段,21.31,非都市：鄉村區 ; 非都市編定：乙種建築用地,170890,2131,持分移轉,01510000
RPPOMLOLNHIGFDB77CB,鳳山段,20.96,非都市：鄉村區 ; 非都市編定：乙種建築用地,170890,2096,持分移轉,01510000
RPRNMLOLNHIGFIB38CB,湖日段,14.59,都市：商,10000,305,持分移轉,03420000
RPXNMLOLNHIGFDB48CB,鳳山段,21.31,非都市：鄉村區 ; 非都市編定：乙種建築用地,170890,2131,持分移轉,01510000
RPQOMLOLNHIGFDB87CB,鳳山段,21.31,非都市：鄉村區 ; 非都市編定：乙種建築用地,170890,2131,持分移轉,01510000
RPROMLOLNHIGFDB97CB,鳳山段,20.96,非都市：鄉村區 ; 非都市編定：乙種建築用地,170890,2096,持分移轉,01510000
RPTOMLOLNHIGFDB18CB,鳳山段,19.85,非都市：鄉村區 ; 非都市編定：乙種建築用地,170890,1985,持分移轉,01510000
RPSOMLOLNHIGFDB08CB,鳳山段,20.89,非都市：鄉村區 ; 非都市編定：乙種建築用地,170890,2089,持分移轉,01510000
RPWOMLOLNHIGFDB48CB,鳳山段,20.74,非都市：鄉村區 ; 非都市編定：乙種建築用地,170890,2074,持分移轉,01510000
RPQPMLOLNHIGFDB97CB,鳳山段,22.28,非都市：鄉村區 ; 非都市編定：乙種建築用地,170890,2228,持分移轉,01510000
RPPPMLOLNHIGFDB87CB,鳳山段,22.28,非都市：鄉村區 ; 非都市編定：乙種建築用地,170890,2228,持分移轉,01510000
RPXOMLOLNHIGFDB58CB,鳳山段,19.85,非都市：鄉村區 ; 非都市編定：乙種建築用地,170890,1985,持分移轉,01510000
RPOPMLOLNHIGFDB77CB,鳳山段,20.89,非都市：鄉村區 ; 非都市編定：乙種建築用地,170890,2089,持分移轉,01510000
RPRPMLOLNHIGFDB08CB,鳳山段,19.85,非都市：鄉村區 ; 非都市編定：乙種建築用地,170890,1985,持分移轉,01510000
RPUOMLOLNHIGFDB28CB,鳳山段,22.28,非都市：鄉村區 ; 非都市編定：乙種建築用地,170890,2228,持分移轉,01510000
RPXOMLPLNHIGFIB56CB,萬豐段,45.18,非都市：特定農業區 ; 非都市編定：甲種建築用地,1,1,全筆移轉,03240030
RPXOMLPLNHIGFIB56CB,萬豐段,72.11,非都市：特定農業區 ; 非都市編定：甲種建築用地,1,1,全筆移轉,03240031
RPXOMLPLNHIGFIB56CB,萬豐段,71.79,非都市：特定農業區 ; 非都市編定：甲種建築用地,1,1,全筆移轉,03240032
RPXOMLPLNHIGFIB56CB,萬豐段,1.99,非都市：特定農業區 ; 非都市編定：甲種建築用地,1,1,全筆移轉,03240053
RPXOMLPLNHIGFIB56CB,萬豐段,5.09,非都市：特定農業區 ; 非都市編定：農牧用地,1845000,6732,持分移轉,03200000
RPXOMLPLNHIGFIB56CB,萬豐段,3.51,非都市：特定農業區 ; 非都市編定：水利用地,15750,69,持分移轉,03220000
RPXOMLPLNHIGFIB56CB,萬豐段,73.54,非都市：特定農業區 ; 非都市編定：甲種建築用地,35,3,持分移轉,03240000
RPXOMLPLNHIGFIB56CB,萬豐段,9.99,非都市：特定農業區 ; 非都市編定：甲種建築用地,126000,8439,持分移轉,03240001
RPXOMLPLNHIGFIB56CB,萬豐段,3.45,非都市：特定農業區 ; 非都市編定：農牧用地,74902,345,持分移轉,03380000
RPVOMLPLNHIGFCB38CB,田心段,25.16,都市：住,1000000,5614,持分移轉,14800000
RPUOMLPLNHIGFCB28CB,田心段,27.85,都市：住,1000000,6213,持分移轉,14800000
RPQNMLPLNHIGFFB08CB,市鎮北段,14.45,都市：商,10000,24,持分移轉,00450000
RPOOMLPLNHIGFFB97CB,市鎮北段,9.63,都市：商,10000,16,持分移轉,00450000
RPTPMLPLNHIGFFB58CB,梧棲段,8.10,都市：商,100000,450,持分移轉,28450000
RPROMLPLNHIGFFB28CB,市鎮北段,15.05,都市：商,10000,25,持分移轉,00450000
RPUPMLPLNHIGFFB68CB,鹿峰西段,26.92,都市：其他:第四種住宅區,100000,2192,持分移轉,07100000
RPQOMLPLNHIGFFB18CB,市鎮北段,13.24,都市：商,10000,22,持分移轉,00450000
RPVPMLPLNHIGFFB78CB,槺榔段,11.39,都市：住,18,1,持分移轉,03430036
RPVPMLPLNHIGFFB78CB,槺榔段,50.00,都市：住,1,1,全筆移轉,03430029
RPVNMLPLNHIGFBB18CB,仁平段,28.60,都市：住,100000,1814,持分移轉,05410000
RPWNMLPLNHIGFBB28CB,仁平段,37.07,都市：住,100000,2351,持分移轉,05410000
RPOOMLPLNHIGFBB57CB,仁平段,36.44,都市：住,100000,1551,持分移轉,02040000
RPPOMLPLNHIGFBB67CB,仁平段,38.09,都市：住,100000,1621,持分移轉,02040000
RPRNMLPLNHIGFAB67CB,正義段九小段,3.50,都市：住,100000,1814,持分移轉,00040004
RPRNMLPLNHIGFAB67CB,正義段九小段,11.54,都市：商,100000,1814,持分移轉,00050000
RPUNMLPLNHIGFAB97CB,正義段九小段,3.50,都市：住,100000,1814,持分移轉,00040004
RPUNMLPLNHIGFAB97CB,正義段九小段,11.54,都市：商,100000,1814,持分移轉,00050000
RPVNMLPLNHIGFAB08CB,重慶段三小段,16.02,都市：商,1000,36,持分移轉,00200035
RPTOMLPLNHIGFBB08CB,文北段,13.83,都市：住,100000,317,持分移轉,00130000
RPSNMLPLNHIGFAB77CB,正義段九小段,3.50,都市：住,100000,1814,持分移轉,00040004
RPSNMLPLNHIGFAB77CB,正義段九小段,11.54,都市：商,100000,1814,持分移轉,00050000
RPWNMLPLNHIGFAB18CB,正義段九小段,3.53,都市：住,100000,1831,持分移轉,00040004
RPWNMLPLNHIGFAB18CB,正義段九小段,11.65,都市：商,100000,1831,持分移轉,00050000
RPPOMLPLNHIGFAB57CB,正義段九小段,3.53,都市：住,100000,1831,持分移轉,00040004
RPPOMLPLNHIGFAB57CB,正義段九小段,11.65,都市：商,100000,1831,持分移轉,00050000
RPXNMLPLNHIGFAB28CB,正義段九小段,3.53,都市：住,100000,1831,持分移轉,00040004
RPXNMLPLNHIGFAB28CB,正義段九小段,11.65,都市：商,100000,1831,持分移轉,00050000
RPOOMLPLNHIGFAB47CB,正義段九小段,9.32,都市：住,100000,4828,持分移轉,00040004
RPOOMLPLNHIGFAB47CB,正義段九小段,30.71,都市：商,100000,4828,持分移轉,00050000
RPQOMLPLNHIGFAB67CB,後壠子段,16.01,都市：住,10000,74,持分移轉,02200002
RPQOMLPLNHIGFAB67CB,後壠子段,1.04,都市：住,10000,74,持分移轉,02170008
RPROMLPLNHIGFAB77CB,後壠子段,17.09,都市：住,10000,79,持分移轉,02200002
RPROMLPLNHIGFAB77CB,後壠子段,1.11,都市：住,10000,79,持分移轉,02170008
RPSOMLPLNHIGFAB87CB,後壠子段,16.01,都市：住,10000,74,持分移轉,02200002
RPSOMLPLNHIGFAB87CB,後壠子段,1.04,都市：住,10000,74,持分移轉,02170008
RPTOMLPLNHIGFAB97CB,後壠子段,8.22,都市：住,10000,38,持分移轉,02200002
RPTOMLPLNHIGFAB97CB,後壠子段,.53,都市：住,10000,38,持分移轉,02170008
RPVOMLPLNHIGFAB18CB,後壠子段,8.22,都市：住,10000,38,持分移轉,02200002
RPVOMLPLNHIGFAB18CB,後壠子段,.53,都市：住,10000,38,持分移轉,02170008
RPUOMLPLNHIGFAB08CB,後壠子段,8.22,都市：住,10000,38,持分移轉,02200002
RPUOMLPLNHIGFAB08CB,後壠子段,.53,都市：住,10000,38,持分移轉,02170008
RPPNMLPLNHIGFKB48CB,東海段,13.15,都市：住,100000,1257,持分移轉,00980045
RPQNMLPLNHIGFKB58CB,東海段,13.15,都市：住,100000,1257,持分移轉,00980045
RPOPMLPLNHIGFAB57CB,正義段九小段,3.53,都市：住,100000,1831,持分移轉,00040004
RPOPMLPLNHIGFAB57CB,正義段九小段,11.65,都市：商,100000,1831,持分移轉,00050000
RPWOMLPLNHIGFAB28CB,後壠子段,11.90,都市：住,10000,55,持分移轉,02200002
RPWOMLPLNHIGFAB28CB,後壠子段,.77,都市：住,10000,55,持分移轉,02170008
RPRNMLPLNHIGFKB68CB,東海段,30.79,都市：住,100000,2944,持分移轉,00980045
RPSNMLPLNHIGFKB78CB,東海段,27.12,都市：住,100000,2593,持分移轉,00980045
RPOOMLPLNHIGFKB48CB,東海段,20.22,都市：住,100000,1934,持分移轉,00980045
RPXNMLPLNHIGFKB66CB,東海段,20.22,都市：住,100000,1934,持分移轉,00980045
RPPOMLPLNHIGFKB58CB,東海段,19.99,都市：住,100000,1912,持分移轉,00980045
RPSNMLQLNHIGFHB58CB,學雅段,23.67,都市：住,100000,2854,持分移轉,03180000
RPPNMLQLNHIGFAB57CB,城隍段五小段,6.30,都市：商,100000,1203,持分移轉,00080014
RPPNMLQLNHIGFAB57CB,城隍段五小段,8.60,都市：商,100000,1203,持分移轉,00080015
RPPNMLQLNHIGFAB57CB,城隍段五小段,4.99,都市：商,100000,1203,持分移轉,00090003
RPPNMLQLNHIGFAB57CB,城隍段六小段,4.07,都市：商,100000,1203,持分移轉,00030000
RPPNMLQLNHIGFAB57CB,城隍段六小段,1.07,都市：商,100000,1203,持分移轉,00030002
RPPNMLQLNHIGFAB57CB,城隍段六小段,.57,都市：商,100000,1203,持分移轉,00040000
RPPNMLQLNHIGFHB28CB,弘富段,13.14,都市：住,100000,1155,持分移轉,00930000
RPPNMLQLNHIGFAB57CB,城隍段六小段,.16,都市：住,100000,1203,持分移轉,00030010
RPPNMLQLNHIGFHB28CB,弘富段,15.38,都市：住,100000,1155,持分移轉,00950000
RPTNMLQLNHIGFHB68CB,學雅段,23.67,都市：住,100000,2854,持分移轉,03180000
RPPNMLQLNHIGFCB77CB,三富段,29.75,都市：住,100000,1201,持分移轉,00350000
RPPNMLQLNHIGFCB77CB,三富段,14.45,都市：住,100000,1201,持分移轉,00360000
RPQNMLQLNHIGFCB87CB,三富段,35.20,都市：住,100000,1421,持分移轉,00350000
RPQNMLQLNHIGFCB87CB,三富段,17.10,都市：住,100000,1421,持分移轉,00360000
RPSNMLQLNHIGFCB08CB,三富段,29.75,都市：住,100000,1201,持分移轉,00350000
RPSNMLQLNHIGFCB08CB,三富段,14.45,都市：住,100000,1201,持分移轉,00360000
RPPNMLRLNHIGFCB87CB,惠順段,5.61,都市：商,100000,233,持分移轉,01190000
RPSNMLRLNHIGFCB18CB,惠順段,7.68,都市：商,100000,319,持分移轉,01190000
RPRNMLQLNHIGFJB68CB,育賢段,19.14,都市：住,10000,18,持分移轉,01810001
RPTNMLRLNHIGFCB28CB,惠順段,7.97,都市：商,100000,331,持分移轉,01190000
RPUNMLRLNHIGFCB38CB,惠順段,7.68,都市：商,100000,319,持分移轉,01190000
RPVNMLRLNHIGFCB48CB,惠順段,7.97,都市：商,100000,331,持分移轉,01190000
RPWNMLRLNHIGFBB48CB,仁德段,17.74,都市：住,100000,995,持分移轉,09790000
RPWNMLRLNHIGFBB48CB,仁德段,.03,都市：住,100000,995,持分移轉,09790001
RPWNMLRLNHIGFBB48CB,仁德段,9.28,都市：住,100000,995,持分移轉,09810006
RPVPMLRLNHIGFBB58CB,仁德段,1.77,都市：住,1000000,995,持分移轉,09790000
RPVPMLRLNHIGFBB58CB,仁德段,.00,都市：住,1000000,995,持分移轉,09790001
RPVPMLRLNHIGFBB58CB,仁德段,.93,都市：住,1000000,995,持分移轉,09810006
RPXPMLRLNHIGFBB78CB,仁德段,17.74,都市：住,100000,995,持分移轉,09790000
RPXPMLRLNHIGFBB78CB,仁德段,.03,都市：住,100000,995,持分移轉,09790001
RPXPMLRLNHIGFBB78CB,仁德段,9.28,都市：住,100000,995,持分移轉,09810006
RPXNMLRLNHIGFBB58CB,仁德段,17.74,都市：住,100000,995,持分移轉,09790000
RPXNMLRLNHIGFBB58CB,仁德段,.03,都市：住,100000,995,持分移轉,09790001
RPXNMLRLNHIGFBB58CB,仁德段,9.28,都市：住,100000,995,持分移轉,09810006
RPPNMLSLNHIGFKB78CB,龍田段,14.33,都市：住,18,1,持分移轉,16230002
RPPNMLSLNHIGFKB78CB,龍田段,81.00,都市：住,1,1,全筆移轉,16230003
RPPNMLSLNHIGFBB87CB,仁德段,22.71,都市：住,100000,1274,持分移轉,09790000
RPPNMLSLNHIGFBB87CB,仁德段,.04,都市：住,100000,1274,持分移轉,09790001
RPPNMLSLNHIGFBB87CB,仁德段,11.89,都市：住,100000,1274,持分移轉,09810006
RPQNMLRLNHIGFFB28CB,槺榔段,11.39,都市：住,18,1,持分移轉,03430036
RPQNMLRLNHIGFFB28CB,槺榔段,53.00,都市：住,1,1,全筆移轉,03430036
RPTNMLTLNHIGFBB38CB,大仁段,89.88,都市：住,1,1,全筆移轉,01370018
RPQNMLTLNHIGFBB08CB,溝背段,19.76,都市：住,100000,531,持分移轉,01430000
RPQPMLTLNHIGFBB28CB,仁平段,45.49,都市：住,100000,1572,持分移轉,03900000
RPPNMLTLNHIGFAB87CB,樹子腳段,12.66,都市：住,100000,198,持分移轉,06700000
RPPNMLTLNHIGFAB87CB,樹子腳段,12.94,都市：住,100000,198,持分移轉,06750000
RPPNMLTLNHIGFFB38CB,南勢東段,53.72,都市：住,1,1,全筆移轉,05100009
RPPNMLTLNHIGFFB38CB,南勢東段,25.31,都市：住,13,1,持分移轉,05100014
RPPOMLTLNHIGFFB48CB,市鎮北段,10.30,都市：商,10000,32,持分移轉,00130001
RPROMLTLNHIGFFB68CB,市鎮北段,12.23,都市：商,10000,38,持分移轉,00130001
RPUNMLTLNHIGFCB58CB,文商段,2.88,都市：商,100000,182,持分移轉,00260000
RPUNMLTLNHIGFCB58CB,文商段,3.45,都市：商,100000,182,持分移轉,00270000
RPVNMLTLNHIGFCB68CB,文商段,4.26,都市：商,100000,269,持分移轉,00260000
RPVNMLTLNHIGFCB68CB,文商段,5.10,都市：商,100000,269,持分移轉,00270000
RPTNMLTLNHIGFCB48CB,文商段,2.88,都市：商,100000,182,持分移轉,00260000
RPTNMLTLNHIGFCB48CB,文商段,3.45,都市：商,100000,182,持分移轉,00270000
RPSOMLTLNHIGFFB78CB,市鎮北段,9.01,都市：商,10000,28,持分移轉,00130001
RPWNMLTLNHIGFCB78CB,文商段,4.24,都市：商,100000,268,持分移轉,00260000
RPWNMLTLNHIGFCB78CB,文商段,5.08,都市：商,100000,268,持分移轉,00270000
RPXNMLTLNHIGFCB88CB,文商段,4.26,都市：商,100000,269,持分移轉,00260000
RPXNMLTLNHIGFCB88CB,文商段,5.10,都市：商,100000,269,持分移轉,00270000
RPOOMLTLNHIGFCB08CB,文商段,2.88,都市：商,100000,182,持分移轉,00260000
RPOOMLTLNHIGFCB08CB,文商段,3.45,都市：商,100000,182,持分移轉,00270000
RPPOMLTLNHIGFCB18CB,文商段,2.88,都市：商,100000,182,持分移轉,00260000
RPPOMLTLNHIGFCB18CB,文商段,3.45,都市：商,100000,182,持分移轉,00270000
RPROMLTLNHIGFCB38CB,文商段,2.88,都市：商,100000,182,持分移轉,00260000
RPROMLTLNHIGFCB38CB,文商段,3.45,都市：商,100000,182,持分移轉,00270000
RPQOMLTLNHIGFCB28CB,文商段,3.56,都市：商,100000,225,持分移轉,00260000
RPQOMLTLNHIGFCB28CB,文商段,4.27,都市：商,100000,225,持分移轉,00270000
RPTOMLTLNHIGFCB58CB,文商段,3.10,都市：商,100000,196,持分移轉,00260000
RPSOMLTLNHIGFCB48CB,文商段,3.10,都市：商,100000,196,持分移轉,00260000
RPSOMLTLNHIGFCB48CB,文商段,3.72,都市：商,100000,196,持分移轉,00270000
RPTOMLTLNHIGFCB58CB,文商段,3.72,都市：商,100000,196,持分移轉,00270000
RPUOMLTLNHIGFCB68CB,文商段,2.88,都市：商,100000,182,持分移轉,00260000
RPUOMLTLNHIGFCB68CB,文商段,3.45,都市：商,100000,182,持分移轉,00270000
RPVOMLTLNHIGFCB78CB,文商段,2.88,都市：商,100000,182,持分移轉,00260000
RPVOMLTLNHIGFCB78CB,文商段,3.45,都市：商,100000,182,持分移轉,00270000
RPWOMLTLNHIGFCB88CB,文商段,2.88,都市：商,100000,182,持分移轉,00260000
RPWOMLTLNHIGFCB88CB,文商段,3.45,都市：商,100000,182,持分移轉,00270000
RPXOMLTLNHIGFCB98CB,文商段,3.10,都市：商,100000,196,持分移轉,00260000
RPXOMLTLNHIGFCB98CB,文商段,3.72,都市：商,100000,196,持分移轉,00270000
RPOPMLTLNHIGFCB18CB,文商段,4.24,都市：商,100000,268,持分移轉,00260000
RPOPMLTLNHIGFCB18CB,文商段,5.08,都市：商,100000,268,持分移轉,00270000
RPPPMLTLNHIGFCB28CB,文商段,4.24,都市：商,100000,268,持分移轉,00260000
RPPPMLTLNHIGFCB28CB,文商段,5.08,都市：商,100000,268,持分移轉,00270000
RPRPMLTLNHIGFCB48CB,文商段,4.26,都市：商,100000,269,持分移轉,00260000
RPRPMLTLNHIGFCB48CB,文商段,5.10,都市：商,100000,269,持分移轉,00270000
RPQPMLTLNHIGFCB38CB,文商段,3.56,都市：商,100000,225,持分移轉,00260000
RPQPMLTLNHIGFCB38CB,文商段,4.27,都市：商,100000,225,持分移轉,00270000
RPSPMLTLNHIGFCB58CB,福德段,13.95,都市：住,100000,792,持分移轉,02730000
RPPNMLKMNHIGFIB87CB,新高鐵段,10.66,都市：商,100000,184,持分移轉,00570000
RPQNMLKMNHIGFIB97CB,新高鐵段,10.66,都市：商,100000,184,持分移轉,00570000
RPPNMLKMNHIGFCB27CB,上石碑段,5.15,都市：住,10000,193,持分移轉,13320000
RPPNMLKMNHIGFCB27CB,上石碑段,3.36,都市：住,10000,193,持分移轉,13330000
RPPOMLKMNHIGFIB97CB,北新段,24.15,都市：住,10000,38,持分移轉,10540000
RPTOMLKMNHIGFIB38CB,山頂段,29.92,都市：住,1000000,7439,持分移轉,07050000
RPTOMLKMNHIGFIB38CB,山頂段,4.02,都市：住,1000000,7439,持分移轉,07190000
RPUOMLKMNHIGFIB48CB,山頂段,28.05,都市：住,1000000,6974,持分移轉,07050000
RPUOMLKMNHIGFIB48CB,山頂段,3.77,都市：住,1000000,6974,持分移轉,07190000
RPTNMLKMNHIGFFB97CB,新站段,24.85,都市：住,10000,124,持分移轉,00410000
RPVOMLKMNHIGFIB58CB,山頂段,28.05,都市：住,1000000,6974,持分移轉,07050000
RPVOMLKMNHIGFIB58CB,山頂段,3.77,都市：住,1000000,6974,持分移轉,07190000
RPUNMLKMNHIGFBB67CB,中清段,5.17,都市：住,100000,1444,持分移轉,02770000
RPUNMLKMNHIGFBB67CB,中清段,7.80,都市：住,100000,1444,持分移轉,02790000
RPUNMLKMNHIGFBB67CB,中清段,8.88,都市：住,100000,1444,持分移轉,02790015
RPQPMLKMNHIGFFB87CB,平等段,38.88,都市：住,100000,2556,持分移轉,05780000
RPOOMLKMNHIGFBB17CB,竹興段,33.39,都市：住,10000,135,持分移轉,01690000
RPTNMLKMNHIGFDB77CB,南村段,17.61,都市：商,100000,265,持分移轉,05460000
RPXNMLKMNHIGFBB97CB,仁和段,.01,都市：商,10000,35,持分移轉,05130000
RPXNMLKMNHIGFBB97CB,仁和段,.01,都市：商,10000,35,持分移轉,05140000
RPXNMLKMNHIGFBB97CB,仁和段,2.62,都市：商,10000,35,持分移轉,05150000
RPXNMLKMNHIGFBB97CB,仁和段,.05,都市：商,10000,35,持分移轉,05160000
RPXNMLKMNHIGFBB97CB,仁和段,.54,都市：商,10000,35,持分移轉,05170000
RPXNMLKMNHIGFBB97CB,仁和段,.15,都市：商,10000,35,持分移轉,05180000
RPXNMLKMNHIGFBB97CB,仁和段,.04,都市：商,10000,35,持分移轉,05190000
RPXNMLKMNHIGFBB97CB,仁和段,.33,都市：商,10000,35,持分移轉,05200000
RPXNMLKMNHIGFBB97CB,仁和段,.49,都市：商,10000,35,持分移轉,05210000
RPXNMLKMNHIGFBB97CB,仁和段,.42,都市：商,10000,35,持分移轉,05220000
RPXNMLKMNHIGFBB97CB,仁和段,.06,都市：商,10000,35,持分移轉,05220001
RPXNMLKMNHIGFBB97CB,仁和段,7.65,都市：商,10000,35,持分移轉,05240000
RPXNMLKMNHIGFBB97CB,仁和段,3.18,都市：商,10000,35,持分移轉,05260000
RPXNMLKMNHIGFBB97CB,仁和段,1.40,都市：商,10000,35,持分移轉,05270001
RPPOMLKMNHIGFBB27CB,仁平段,6.07,都市：住,100000,788,持分移轉,03580000
RPXNMLKMNHIGFBB97CB,仁和段,3.20,都市：商,10000,35,持分移轉,05280000
RPPOMLKMNHIGFBB27CB,仁平段,6.60,都市：住,100000,788,持分移轉,03590000
RPPOMLKMNHIGFBB27CB,仁平段,4.41,都市：住,100000,788,持分移轉,03600000
RPPOMLKMNHIGFBB27CB,仁平段,2.27,都市：住,100000,788,持分移轉,03610000
RPUOMLKMNHIGFBB77CB,仁平段,6.39,都市：住,100000,829,持分移轉,03580000
RPPOMLKMNHIGFBB27CB,仁平段,1.68,都市：住,100000,788,持分移轉,03620000
RPUOMLKMNHIGFBB77CB,仁平段,6.94,都市：住,100000,829,持分移轉,03590000
RPPOMLKMNHIGFBB27CB,平田段,2.65,都市：住,100000,788,持分移轉,09530007
RPUOMLKMNHIGFBB77CB,仁平段,4.64,都市：住,100000,829,持分移轉,03600000
RPPOMLKMNHIGFBB27CB,平田段,7.01,都市：住,100000,788,持分移轉,09530000
RPUOMLKMNHIGFBB77CB,仁平段,2.39,都市：住,100000,829,持分移轉,03610000
RPPOMLKMNHIGFBB27CB,平田段,.24,都市：住,100000,788,持分移轉,09580010
RPUOMLKMNHIGFBB77CB,仁平段,1.77,都市：住,100000,829,持分移轉,03620000
RPPOMLKMNHIGFBB27CB,平田段,.17,都市：住,100000,788,持分移轉,09580011
RPUOMLKMNHIGFBB77CB,平田段,2.79,都市：住,100000,829,持分移轉,09530007
RPPOMLKMNHIGFBB27CB,平田段,.09,都市：住,100000,788,持分移轉,09580012
RPUOMLKMNHIGFBB77CB,平田段,7.37,都市：住,100000,829,持分移轉,09530000
RPPOMLKMNHIGFBB27CB,平田段,.02,都市：住,100000,788,持分移轉,09580013
RPUOMLKMNHIGFBB77CB,平田段,.25,都市：住,100000,829,持分移轉,09580010
RPUOMLKMNHIGFBB77CB,平田段,.17,都市：住,100000,829,持分移轉,09580011
RPUOMLKMNHIGFBB77CB,平田段,.09,都市：住,100000,829,持分移轉,09580012
RPUOMLKMNHIGFBB77CB,平田段,.02,都市：住,100000,829,持分移轉,09580013
RPRNMLKMNHIGFKB28CB,東海段,27.12,都市：住,100000,2593,持分移轉,00980045
RPSNMLKMNHIGFKB38CB,東海段,19.99,都市：住,100000,1912,持分移轉,00980045
RPQNMLLMNHIGFDB57CB,文化段,1.09,都市：住,100000,937,持分移轉,00940000
RPQNMLLMNHIGFDB57CB,文化段,27.66,都市：住,100000,937,持分移轉,00960000
RPQNMLLMNHIGFDB57CB,文化段,.14,都市：住,100000,937,持分移轉,01040000
RPQNMLLMNHIGFDB57CB,文化段,.21,都市：住,100000,937,持分移轉,01050000
RPQNMLLMNHIGFDB57CB,文化段,.57,都市：住,100000,937,持分移轉,01060000
RPQNMLLMNHIGFDB57CB,文化段,.64,都市：住,100000,937,持分移轉,01070000
RPQNMLLMNHIGFDB57CB,文化段,.15,都市：住,100000,937,持分移轉,01080000
RPQNMLLMNHIGFDB57CB,文化段,.11,都市：住,100000,937,持分移轉,01090000
RPQNMLLMNHIGFDB57CB,文化段,.05,都市：住,100000,937,持分移轉,01100000
RPRNMLLMNHIGFFB87CB,南簡段,29.02,都市：住,100000,6363,持分移轉,10490000
RPPOMLLMNHIGFCB47CB,文商段,4.26,都市：商,100000,269,持分移轉,00260000
RPPOMLLMNHIGFCB47CB,文商段,5.10,都市：商,100000,269,持分移轉,00270000
RPSNMLLMNHIGFFB97CB,鹿峰西段,26.92,都市：其他:第四種住宅區,100000,2192,持分移轉,07100000
RPQOMLLMNHIGFCB57CB,文商段,2.87,都市：商,100000,181,持分移轉,00260000
RPQOMLLMNHIGFCB57CB,文商段,3.43,都市：商,100000,181,持分移轉,00270000
RPROMLLMNHIGFCB67CB,文商段,2.87,都市：商,100000,181,持分移轉,00260000
RPROMLLMNHIGFCB67CB,文商段,3.43,都市：商,100000,181,持分移轉,00270000
RPPNMLLMNHIGFAB17CB,後壠子段,11.90,都市：住,10000,55,持分移轉,02200002
RPPNMLLMNHIGFAB17CB,後壠子段,.77,都市：住,10000,55,持分移轉,02170008
RPSOMLLMNHIGFCB77CB,文商段,4.26,都市：商,100000,269,持分移轉,00260000
RPSOMLLMNHIGFCB77CB,文商段,5.10,都市：商,100000,269,持分移轉,00270000
RPTOMLLMNHIGFCB87CB,文商段,2.87,都市：商,100000,181,持分移轉,00260000
RPTOMLLMNHIGFCB87CB,文商段,3.43,都市：商,100000,181,持分移轉,00270000
RPUOMLLMNHIGFCB97CB,文商段,2.88,都市：商,100000,182,持分移轉,00260000
RPUOMLLMNHIGFCB97CB,文商段,3.45,都市：商,100000,182,持分移轉,00270000
RPVOMLLMNHIGFCB08CB,文商段,4.24,都市：商,100000,268,持分移轉,00260000
RPVOMLLMNHIGFCB08CB,文商段,5.08,都市：商,100000,268,持分移轉,00270000
RPPPMLLMNHIGFCB57CB,文商段,7.02,都市：商,100000,374,持分移轉,00190000
RPPPMLLMNHIGFCB57CB,文商段,7.02,都市：商,100000,374,持分移轉,00200000
RPRPMLLMNHIGFCB77CB,文商段,7.02,都市：商,100000,374,持分移轉,00190000
RPRPMLLMNHIGFCB77CB,文商段,7.02,都市：商,100000,374,持分移轉,00200000
RPWOMLLMNHIGFCB18CB,文商段,2.88,都市：商,100000,182,持分移轉,00260000
RPWOMLLMNHIGFCB18CB,文商段,3.45,都市：商,100000,182,持分移轉,00270000
RPSPMLLMNHIGFCB87CB,文商段,7.02,都市：商,100000,374,持分移轉,00190000
RPSPMLLMNHIGFCB87CB,文商段,7.02,都市：商,100000,374,持分移轉,00200000
RPTPMLLMNHIGFCB97CB,文商段,7.02,都市：商,100000,374,持分移轉,00190000
RPTPMLLMNHIGFCB97CB,文商段,7.02,都市：商,100000,374,持分移轉,00200000
RPVPMLLMNHIGFCB18CB,文商段,7.02,都市：商,100000,374,持分移轉,00190000
RPUPMLLMNHIGFCB08CB,文商段,7.02,都市：商,100000,374,持分移轉,00190000
RPVPMLLMNHIGFCB18CB,文商段,7.02,都市：商,100000,374,持分移轉,00200000
RPUPMLLMNHIGFCB08CB,文商段,7.02,都市：商,100000,374,持分移轉,00200000
RPXPMLLMNHIGFCB38CB,文商段,7.02,都市：商,100000,374,持分移轉,00190000
RPXPMLLMNHIGFCB38CB,文商段,7.02,都市：商,100000,374,持分移轉,00200000
RPQNMLLJOHIGFCB27CB,文商段,7.02,都市：商,100000,374,持分移轉,00190000
RPQNMLLJOHIGFCB27CB,文商段,7.02,都市：商,100000,374,持分移轉,00200000
RPQNMLLJOHIGFJB97CB,福平段,13.86,都市：商,100000,584,持分移轉,08730000
RPRNMLLJOHIGFCB37CB,文商段,7.02,都市：商,100000,374,持分移轉,00190000
RPRNMLLJOHIGFCB37CB,文商段,7.02,都市：商,100000,374,持分移轉,00200000
RPPNMLLJOHIGFJB87CB,福平段,18.34,都市：商,100000,773,持分移轉,08730000
RPVNMLLJOHIGFFB08CB,南簡段,15.35,都市：商,100000,738,持分移轉,09500002
RPWNMLLJOHIGFFB18CB,南簡段,19.28,都市：商,100000,927,持分移轉,09500002
RPOPMLLJOHIGFBB17CB,文北段,22.51,都市：住,100000,336,持分移轉,01170000
RPXNMLLJOHIGFFB28CB,南簡段,19.18,都市：商,100000,922,持分移轉,09500002
RPPPMLLJOHIGFBB27CB,文北段,26.80,都市：住,100000,400,持分移轉,01170000
RPOOMLLJOHIGFFB47CB,南簡段,12.98,都市：商,100000,624,持分移轉,09500002
RPQNMLLJOHIGFKB08CB,中社段,131.31,都市：住,1,1,全筆移轉,09110000
RPQNMLLJOHIGFKB08CB,中社段,10.03,都市：住,40,1,持分移轉,08930000
RPQNMLLJOHIGFKB08CB,中社段,.10,都市：住,24,1,持分移轉,09020000
RPQNMLLJOHIGFKB08CB,中社段,.86,都市：住,24,1,持分移轉,09030000
RPXNMLLJOHIGFKB78CB,東海段,20.22,都市：住,100000,1934,持分移轉,00980045
RPVNMLMJOHIGFHB38CB,上楓段,69.00,都市：農,1,1,全筆移轉,01600009
RPVNMLMJOHIGFHB38CB,上楓段,12.25,都市：農,12,1,持分移轉,01600000
RPPNMLMJOHIGFFB57CB,市鎮南段,12.61,都市：商,10000,37,持分移轉,00150000
RPSNMLMJOHIGFFB87CB,市鎮北段,14.45,都市：商,10000,24,持分移轉,00450000
RPPNMLMJOHIGFIB87CB,新榮和段,14.86,都市：商,100000,178,持分移轉,00220000
RPWNMLPJOHIGFCB28CB,文商段,4.24,都市：商,100000,268,持分移轉,00260000
RPWNMLPJOHIGFCB28CB,文商段,5.08,都市：商,100000,268,持分移轉,00270000
RPRNMLOJOHIGFCB67CB,大墩段,17.50,都市：商,100000,639,持分移轉,03390000
RPQNMLMJOHIGFIB97CB,新榮和段,14.86,都市：商,100000,178,持分移轉,00220000
RPPNMLOJOHIGFCB47CB,大墩段,17.50,都市：商,100000,639,持分移轉,03390000
RPRNMLPJOHIGFCB77CB,惠民段,11.46,都市：其他:第六種新市政中心專用區,100000,379,持分移轉,01150000
RPXNMLPJOHIGFCB38CB,文商段,4.26,都市：商,100000,269,持分移轉,00260000
RPXNMLPJOHIGFCB38CB,文商段,5.10,都市：商,100000,269,持分移轉,00270000
RPVNMLPJOHIGFCB18CB,文商段,4.26,都市：商,100000,269,持分移轉,00260000
RPVNMLPJOHIGFCB18CB,文商段,5.10,都市：商,100000,269,持分移轉,00270000
RPUNMLQJOHIGFBB08CB,北屯段,17.17,都市：住,10000,46,持分移轉,02140000
RPOOMLQJOHIGFFB97CB,南簡段,19.18,都市：商,100000,922,持分移轉,09500002
RPXNMLPJOHIGFBB28CB,中清段,4.39,都市：住,100000,1227,持分移轉,02770000
RPXNMLPJOHIGFBB28CB,中清段,6.63,都市：住,100000,1227,持分移轉,02790000
RPXNMLPJOHIGFBB28CB,中清段,7.55,都市：住,100000,1227,持分移轉,02790015
RPPOMLQJOHIGFFB08CB,南簡段,19.18,都市：商,100000,922,持分移轉,09500002
RPQNMLQJOHIGFCB77CB,寶文段,30.91,都市：住,100000,660,持分移轉,00350002
RPTNMLQJOHIGFCB08CB,文商段,4.26,都市：商,100000,269,持分移轉,00260000
RPTNMLQJOHIGFCB08CB,文商段,5.10,都市：商,100000,269,持分移轉,00270000
RPXNMLQJOHIGFCB48CB,文商段,3.56,都市：商,100000,225,持分移轉,00260000
RPXNMLQJOHIGFCB48CB,文商段,4.27,都市：商,100000,225,持分移轉,00270000
RPVNMLQJOHIGFCB28CB,文商段,4.26,都市：商,100000,269,持分移轉,00260000
RPVNMLQJOHIGFCB28CB,文商段,5.10,都市：商,100000,269,持分移轉,00270000
RPUNMLQJOHIGFCB18CB,文商段,4.26,都市：商,100000,269,持分移轉,00260000
RPUNMLQJOHIGFCB18CB,文商段,5.10,都市：商,100000,269,持分移轉,00270000
RPWNMLQJOHIGFCB38CB,文商段,3.56,都市：商,100000,225,持分移轉,00260000
RPWNMLQJOHIGFCB38CB,文商段,4.27,都市：商,100000,225,持分移轉,00270000
RPPOMLQJOHIGFCB77CB,文商段,3.56,都市：商,100000,225,持分移轉,00260000
RPPOMLQJOHIGFCB77CB,文商段,4.27,都市：商,100000,225,持分移轉,00270000
RPQOMLQJOHIGFCB87CB,文商段,3.56,都市：商,100000,225,持分移轉,00260000
RPQOMLQJOHIGFCB87CB,文商段,4.27,都市：商,100000,225,持分移轉,00270000
RPOOMLQJOHIGFCB67CB,文商段,3.56,都市：商,100000,225,持分移轉,00260000
RPOOMLQJOHIGFCB67CB,文商段,4.27,都市：商,100000,225,持分移轉,00270000
RPTOMLRJOHIGFCB28CB,文商段,3.10,都市：商,100000,196,持分移轉,00260000
RPTOMLRJOHIGFCB28CB,文商段,3.72,都市：商,100000,196,持分移轉,00270000
RPSOMLRJOHIGFCB18CB,文商段,2.87,都市：商,100000,181,持分移轉,00260000
RPSOMLRJOHIGFCB18CB,文商段,3.43,都市：商,100000,181,持分移轉,00270000
RPUOMLRJOHIGFCB38CB,文商段,3.10,都市：商,100000,196,持分移轉,00260000
RPUOMLRJOHIGFCB38CB,文商段,3.72,都市：商,100000,196,持分移轉,00270000
RPWPMLRJOHIGFCB68CB,文商段,2.88,都市：商,100000,182,持分移轉,00260000
RPWPMLRJOHIGFCB68CB,文商段,3.45,都市：商,100000,182,持分移轉,00270000
RPOPMLRJOHIGFCB87CB,文商段,3.56,都市：商,100000,225,持分移轉,00260000
RPOPMLRJOHIGFCB87CB,文商段,4.27,都市：商,100000,225,持分移轉,00270000
RPUPMLRJOHIGFCB48CB,文商段,4.24,都市：商,100000,268,持分移轉,00260000
RPUPMLRJOHIGFCB48CB,文商段,5.08,都市：商,100000,268,持分移轉,00270000
RPQQMLRJOHIGFCB18CB,文商段,4.24,都市：商,100000,268,持分移轉,00260000
RPQQMLRJOHIGFCB18CB,文商段,5.08,都市：商,100000,268,持分移轉,00270000
RPSOMLRJOHIGFIB78CB,山頂段,29.92,都市：住,1000000,7439,持分移轉,07050000
RPSOMLRJOHIGFIB78CB,山頂段,4.02,都市：住,1000000,7439,持分移轉,07190000
RPTOMLRJOHIGFIB88CB,山頂段,29.92,都市：住,1000000,7439,持分移轉,07050000
RPTOMLRJOHIGFIB88CB,山頂段,4.02,都市：住,1000000,7439,持分移轉,07190000
RPSOMLTJOHIGFDB48CB,建國段,20.66,非都市：特定農業區 ; 非都市編定：甲種建築用地,100000,2123,持分移轉,05700002
RPSOMLTJOHIGFDB48CB,建國段,1.51,非都市：特定農業區 ; 非都市編定：甲種建築用地,100000,2123,持分移轉,05700003
RPSNMLMKOHIGFBB57CB,碧柳段,9.00,都市：商,100000,94,持分移轉,00020000
RPQNMLKLOHIGFCB37CB,福和段,103.15,都市：住,1,1,全筆移轉,01580003
RPQNMLKLOHIGFCB37CB,福和段,15.31,都市：住,10000,500,持分移轉,01580004
RPPNMLKLOHIGFCB27CB,福和段,100.78,都市：住,1,1,全筆移轉,01580002
RPPNMLKLOHIGFCB27CB,福和段,15.31,都市：住,10000,500,持分移轉,01580004
RPTNMLRJOHIGFAB97CB,樹子腳段,14.78,都市：住,100000,2985,持分移轉,00070000
RPSNMLRJOHIGFAB87CB,後壠子段,8.22,都市：住,10000,38,持分移轉,02200002
RPSNMLRJOHIGFAB87CB,後壠子段,.53,都市：住,10000,38,持分移轉,02170008
